decision_date,signal_date,code,row,col,corrected_candidate,legacy_candidate,legacy_selected,original_score,legacy_score,feature_eligible,missing_features,momentum10_pct,csi300_return20_pct,recent_impulse_age,pullback_depth_pct,contraction_volume_ratio,breakout_volume_ratio,breakout_extension_pct,chinext_above_ma20_breadth,close_location,body_fraction,range_over_prior_atr14,pullback_support_distance_pct,label_status,label_available_date,net_return_pct,label_reason,entry_date,entry_price,exit_date,exit_price,hold_days,gross_return_pct,mae_pct,mfe_pct,exit_reason,benchmark_return_pct,entry_factor,exit_factor
2024-01-05,2024-01-05,300707,245,623,True,True,True,64.2074,64.2074,True,,9.54891621975582,-1.8332595166075882,4.0,3.1995661775614748,0.5896494807678658,4.115145157244179,0.10706637817543552,0.3045801526717557,0.6299212582606916,0.5590551184448536,1.8955223857800472,6.552706537254682,closed,2024-01-09,-6.210000000000005,filled,2024-01-08,18.7,2024-01-09,17.578,1.0,-6.000000000000005,-8.983957219251348,0.5347593582887722,stop_loss,,2.0381520568262,2.0381520568262
2024-01-05,2024-01-05,301238,245,1105,True,True,True,75.8718,75.8718,True,,13.752222857143481,-1.8332595166075882,5.0,0.8660508223148233,0.5355108403139806,13.856600718514395,8.786848063894626,0.3045801526717557,0.536585364077477,0.41056910463850477,5.449367072839978,12.617370881256008,closed,2024-01-11,1.112051824431525,filled,2024-01-08,18.91,2024-01-11,19.16,3.0,1.322051824431525,-3.2258064516129115,10.417768376520353,hold_expired,,1.0047687172151,1.0047687172151
2024-01-05,2024-01-05,301329,245,1177,True,True,False,50.8213,50.8213,True,,4.161013116237,-1.8332595166075882,6.0,3.173893607510059,0.6988578333559112,6.469495559296453,1.053093462044763,0.3045801526717557,0.6612903225806456,0.6612903225806456,1.8454996456413884,7.466168922071859,closed,2024-01-11,-6.210000000000016,filled,2024-01-08,23.1,2024-01-11,21.714,3.0,-6.000000000000016,-7.056277056277072,14.37229437229437,stop_loss,,1.0,1.0
2024-01-09,2024-01-09,300763,247,672,True,True,True,50.1746,50.1746,True,,5.843585239193727,-3.7127553952311154,7.0,3.2858214587292545,0.8662836305898736,4.3180531783287295,3.3905579240406825,0.2183206106870229,0.7202323328220532,0.6940948678619443,3.0192066775942297,12.692967406340362,closed,2024-01-15,5.915897760878729,filled,2024-01-10,71.01,2024-01-15,75.36,3.0,6.125897760878729,0.0,12.082805238698779,hold_expired,,4.5217720040257,4.5217720040257
2024-01-11,2024-01-11,300663,249,580,True,True,True,71.0122,71.0122,True,,14.967462050776948,-2.194114740451769,5.0,6.3492063411370925,0.6799636894735088,3.4062370021192736,0.7604562679942806,0.31221374045801525,0.8000000002750074,0.7534883733593343,3.600478460585048,14.967462050776948,closed,2024-01-17,-2.5787580025608223,filled,2024-01-12,15.62,2024-01-17,15.25,3.0,-2.3687580025608224,-3.201024327784896,3.90524967989756,hold_expired,,3.3825777753898,3.3825777753898
2024-01-11,2024-01-11,300862,249,767,True,True,True,48.6108,48.6108,True,,1.052883462461951,-2.194114740451769,10.0,0.5745690719225705,0.6691755305259895,2.3299689440993787,3.6064769544977615,0.31221374045801525,0.7896174869050279,0.584699454669665,1.4921374487747197,13.095875761598986,closed,2024-01-17,-5.51303030303031,filled,2024-01-12,42.24,2024-01-17,40.0,3.0,-5.30303030303031,-5.847537878787879,0.9943181818181657,hold_expired,,1.0151630022745,1.0151630022745
2024-01-18,2024-01-18,300763,254,672,True,True,True,82.2373,82.2373,True,,19.669917453153516,-0.6906136827210418,6.0,0.4511677337362907,0.8060529766885882,1.5718932450571077,0.21359466139307948,0.07780320366132723,0.9948186513258778,0.9948186513258778,1.4802775749268913,8.917110446573728,closed,2024-01-22,-7.834408340795696,filled,2024-01-19,78.17,2024-01-22,72.21,1.0,-7.624408340795696,-10.20851989254189,0.9594473583216079,stop_loss,,4.5217720040257,4.5217720040257
2024-02-21,2024-02-21,300737,272,649,True,True,False,34.4553,34.4553,True,,-5.410447766813398,4.725866709322002,3.0,1.224489802551454,0.8009196205800322,1.6093727420328292,1.400000000414492,0.2393617021276596,0.6136363632137811,0.5227272726427571,1.224652087580777,6.962025308080633,closed,2024-02-27,5.14714285714286,filled,2024-02-22,5.04,2024-02-27,5.31,3.0,5.35714285714286,-1.1904761904761751,5.35714285714286,hold_expired,,1.8334744566574,1.8334744566574
2024-02-21,2024-02-21,300783,272,691,True,True,True,59.9041,59.9041,True,,9.352517978888631,4.725866709322002,5.0,1.0764872387401647,0.7164048968535257,2.3200071101918134,1.502504203308308,0.2393617021276596,0.635294118456081,0.5705882363391043,1.584553927334135,6.604324942588891,closed,2024-02-27,2.543303964757725,filled,2024-02-22,18.16,2024-02-27,18.66,3.0,2.753303964757725,-1.4317180616740255,3.0286343612334843,hold_expired,,1.0264862761675,1.0264862761675
2024-02-21,2024-02-21,300862,272,767,True,True,True,57.4848,57.4848,True,,4.068002450047259,4.725866709322002,3.0,0.8674101592375583,0.6222797805902087,2.1873634819189385,2.3589131028398214,0.2393617021276596,0.9190751447390635,0.6763005789562558,1.1527843895065117,12.28300033206995,closed,2024-02-27,7.1631343283582,filled,2024-02-22,33.5,2024-02-27,35.97,3.0,7.3731343283582,-1.4925373134328401,7.462686567164178,hold_expired,,1.0151630022745,1.0151630022745
2024-02-21,2024-02-21,300973,272,872,True,True,False,38.2344,38.2344,True,,-1.383891504739021,4.725866709322002,3.0,2.5316455751235534,0.6885268671138042,1.7946826103549167,1.3367462947875053,0.2393617021276596,0.685714285513348,0.685714285513348,1.6906267974154472,9.664512135928982,closed,2024-02-27,6.571115879828326,filled,2024-02-22,34.95,2024-02-27,37.32,3.0,6.7811158798283255,-1.5450643776824147,6.7811158798283255,hold_expired,,1.0156522187662,1.0156522187662
2024-02-22,2024-02-22,301165,273,1039,True,True,True,64.6115,64.6115,True,,16.403026120759456,7.977282707593059,3.0,3.072710670698975,0.8752211384296407,1.727591884170258,2.700242710158407,0.4148936170212766,0.7016574570583983,0.7016574570583983,0.8054672636829545,8.737552198373688,closed,2024-02-28,3.623772314896078,filled,2024-02-23,34.17,2024-02-28,35.48,3.0,3.833772314896078,-1.9607843137254943,19.988293824992674,hold_expired,,1.0139982502187,1.0139982502187
2024-02-26,2024-02-26,301015,275,912,True,True,True,77.2213,77.2213,True,,18.36661911909967,5.614543626230062,6.0,1.8119337706414385,0.7393854300546889,2.1255419597263705,2.8509451538082375,0.9300911854103343,0.7379912672747259,0.6724890861525303,1.1628581774033082,7.899869962573081,closed,2024-03-01,2.9254642313546455,filled,2024-02-27,32.85,2024-03-01,33.88,3.0,3.1354642313546455,-2.343987823439897,4.109589041095907,hold_expired,,1.0603581725903,1.0603581725903
2024-02-27,2024-02-27,300373,276,311,True,True,True,64.1385,64.1385,True,,13.739376779632906,8.570779725508881,9.0,1.984732845192716,0.9335727628295285,1.5288018073355336,0.27472525645235724,0.9886018237082067,1.0,0.9296482496481439,0.8900958392011727,4.557291649822592,closed,2024-02-29,-6.53816408204101,filled,2024-02-28,39.98,2024-02-29,37.45,1.0,-6.32816408204101,-6.32816408204101,1.0005002501250804,stop_loss,,5.2943885339031,5.2943885339031
2024-03-05,2024-03-05,300875,281,779,True,True,True,87.3661,87.3661,True,,31.951219520707586,7.916379132919293,3.0,2.880324549798652,0.6315585636174963,2.5329262479286316,0.7448789575389858,0.9143290371493555,0.898437501207863,0.8203125001548546,1.9241231204438876,14.667231882496345,closed,2024-03-11,14.219400386847191,filled,2024-03-06,25.85,2024-03-11,29.58,3.0,14.429400386847192,-1.3539651837524147,19.07156673114119,hold_expired,,1.3138193492727,1.3138193492727
2024-03-06,2024-03-06,300809,282,715,True,True,True,77.1563,77.1563,True,,22.139084494650962,9.430056156489929,4.0,4.133138275239567,0.8205206872879369,1.7401513401109057,0.9090908900323047,0.9628506444275967,0.9635416644113327,0.8020833323785207,0.920232797745112,6.771835302698048,closed,2024-03-08,-6.538671328671332,filled,2024-03-07,28.6,2024-03-08,26.79,1.0,-6.328671328671332,-7.867132867132853,2.7272727272727115,stop_loss,,1.6478107544037,1.6478107544037
2024-03-07,2024-03-07,301265,283,1120,True,True,True,84.7072,84.7072,True,,22.395209521668335,9.777094389665585,8.0,4.145601627264606,0.5802579465914337,4.050792151474819,0.7889546221037325,0.9287338893100834,0.6666666599439763,0.6666666599439763,1.4330708681330293,8.723404202554285,closed,2024-03-13,-2.1100000000000017,filled,2024-03-08,10.0,2024-03-13,9.81,3.0,-1.9000000000000017,-3.0000000000000027,1.0999999999999899,hold_expired,,1.017094017094,1.017094017094
2024-03-08,2024-03-08,300101,284,83,True,True,False,68.2331,68.2331,True,,13.498452028210984,10.168688238316005,6.0,2.7912620849273706,0.8538851344053997,3.978828420317654,7.8869923330394665,0.9348484848484848,0.8019801988977874,0.7326732697212381,3.437601297775441,14.777708176111503,closed,2024-03-14,-3.323052976515551,filled,2024-03-11,18.31,2024-03-14,17.74,3.0,-3.1130529765155512,-4.478427089022374,3.713817586018564,hold_expired,,8.187879716844703,8.187879716844703
2024-03-08,2024-03-08,300136,284,112,True,True,False,69.733,69.733,True,,11.71355497327089,10.168688238316005,6.0,2.526002984151754,0.7538448318936035,2.640804020996954,4.397705544171049,0.9348484848484848,0.9753086400498997,0.8683127552505653,2.6088957138774607,11.258278124471467,closed,2024-03-14,-4.376666666666674,filled,2024-03-11,21.6,2024-03-14,20.7,3.0,-4.166666666666674,-5.37037037037037,2.7777777777777457,hold_expired,,13.1933622862881,13.1933622862881
2024-03-08,2024-03-08,300302,284,255,True,True,True,82.4763,82.4763,True,,18.56410256737582,10.168688238316005,6.0,3.682170538232754,0.6839636811944233,5.226750429930158,7.037037027855031,0.9348484848484848,0.8195121951701649,0.72195122002533,3.0402542341572194,16.532258058927397,closed,2024-03-14,11.230000000000004,filled,2024-03-11,12.5,2024-03-14,13.93,3.0,11.440000000000005,-3.520000000000001,15.999999999999993,hold_expired,,6.9095020875598,6.9095020875598
2024-03-08,2024-03-08,300604,284,523,True,True,True,78.542,78.542,True,,15.447761170505746,10.168688238316005,6.0,2.234636858853978,0.6631173808528961,2.555539487891408,2.620232163827718,0.9348484848484848,0.9057142857613588,0.8857142847728096,2.188476996977245,12.182741140366083,closed,2024-03-14,-1.5766666666666715,filled,2024-03-11,30.0,2024-03-14,29.59,3.0,-1.3666666666666716,-3.0333333333333434,3.7666666666666515,hold_expired,,6.9365739466893,6.9365739466893
2024-03-08,2024-03-08,301380,284,1213,True,True,False,46.1284,46.1284,True,,5.2159739229424185,10.168688238316005,6.0,2.410617561500872,0.8352645292273244,2.6001436687781623,1.3078733810047094,0.9348484848484848,0.5684802998348537,0.5234521572736772,2.2334630355209835,7.523597995382381,closed,2024-03-14,3.3035135135135,filled,2024-03-11,37.0,2024-03-14,38.3,3.0,3.5135135135135,-0.3243243243243099,6.837837837837846,hold_expired,,1.0078203328655,1.0078203328655
2024-03-11,2024-03-11,300014,285,12,True,True,True,83.8969,83.8969,True,,18.219749646061057,12.88314230469727,7.0,3.390701250780348,0.7073789497624079,3.990910544506353,4.964188682429094,0.974981046247157,0.9382422803292286,0.9263657950615716,2.9048792502917054,13.971574141894338,closed,2024-03-15,-6.210000000000005,filled,2024-03-12,43.2,2024-03-15,40.608000000000004,3.0,-6.000000000000005,-6.851851851851853,0.648148148148131,stop_loss,,17.8735369367306,17.8735369367306
2024-03-11,2024-03-11,300733,285,646,True,True,True,55.0505,55.0505,True,,4.147982068794076,12.88314230469727,9.0,0.888888872138871,0.6630750394948555,2.017073956463712,0.10775863496714777,0.974981046247157,0.8947368393088975,0.6491228047804508,1.0901639406456598,5.448354105951725,closed,2024-03-15,3.549398496240607,filled,2024-03-12,9.31,2024-03-15,9.66,3.0,3.759398496240607,0.0,5.800214822771199,hold_expired,,1.6510027815467,1.6510027815467
2024-03-12,2024-03-12,300097,286,79,True,True,True,56.9303,56.9303,True,,7.682775687879029,12.406863844830474,3.0,1.320528206233862,0.8485610980940812,1.800478684175128,0.6952491195789445,0.9810462471569371,1.0,0.8032786871265445,0.9838709670601924,9.170854277881757,closed,2024-03-14,-6.210000000000005,filled,2024-03-13,8.57,2024-03-14,8.0558,1.0,-6.000000000000005,-6.301050175029188,0.7001166861143604,stop_loss,,3.6523485596678,3.6523485596678
2024-03-12,2024-03-12,301378,286,1211,True,True,True,46.336,46.336,True,,-7.250976565066692,12.406863844830474,12.0,0.3825136650479344,0.7443440537732464,1.8480118590861527,0.5558496527421797,0.9810462471569371,1.0,1.0,0.4447717225852398,7.16502114261568,closed,2024-03-14,-7.822712490761275,filled,2024-03-13,40.59,2024-03-14,37.5,1.0,-7.612712490761275,-12.490761271249074,0.0,stop_loss,,1.5140937705534,1.5140937705534
2024-03-13,2024-03-13,301071,287,963,True,True,True,89.6478,89.6478,True,,23.788706665567073,7.871172802301651,5.0,2.0376175580866907,0.6006215874902764,2.274454507655874,2.7206771326547807,0.9704321455648218,0.9675324648779451,0.8831168771153546,2.293617034113609,11.300360289772682,closed,2024-03-19,7.2526865671641785,filled,2024-03-14,33.5,2024-03-19,36.0,3.0,7.462686567164178,-3.731343283582089,12.50746268656715,hold_expired,,3.6534236853709,3.6534236853709
2024-03-15,2024-03-15,300278,289,237,True,True,False,45.8114,45.8114,True,,1.9830028306867309,6.094123800495099,11.0,2.247190999574311,0.7498856027184351,1.5425503031765664,0.8403361733017256,0.9431818181818182,1.0,0.8333333401756957,0.5454545477811084,4.956268259052088,closed,2024-03-21,0.904206128133688,filled,2024-03-18,3.59,2024-03-21,3.63,3.0,1.114206128133688,-1.9498607242339872,1.671309192200554,hold_expired,,4.0596771467121,4.0596771467121
2024-03-15,2024-03-15,300343,289,289,True,True,False,50.7263,50.7263,True,,3.5514018572853745,6.094123800495099,4.0,2.0295202996923223,0.7236124984491857,2.3811224408210694,1.6513761420805295,0.9431818181818182,0.8235294115139709,0.38235294136452186,1.5606557372796042,5.927342246756595,closed,2024-03-21,1.60818181818183,filled,2024-03-18,5.5,2024-03-21,5.6,3.0,1.81818181818183,-1.0909090909090757,4.0000000000000036,hold_expired,,13.8002291505199,13.8002291505199
2024-03-15,2024-03-15,300403,289,336,True,True,True,51.6949,51.6949,True,,5.250000009936717,6.094123800495099,11.0,0.8641975324002238,0.8953816822527741,1.9474565922533869,2.433090025719542,0.9431818181818182,0.9807692302551589,0.884615384872422,1.1097560978775296,7.948717936665806,closed,2024-03-21,-1.8786531585220598,filled,2024-03-18,8.39,2024-03-21,8.25,3.0,-1.6686531585220599,-3.5756853396901156,0.23837902264600697,hold_expired,,5.7551778468336,5.7551778468336
2024-03-15,2024-03-15,300489,289,415,True,True,True,55.3981,55.3981,True,,7.2528883010922085,6.094123800495099,11.0,1.3647642838873875,0.8834818565931388,2.4461589624210176,2.327005509174529,0.9431818181818182,0.8606557362770297,0.6639344258279136,1.42928870454363,6.841432215465959,closed,2024-03-21,7.890059559261453,filled,2024-03-18,16.79,2024-03-21,18.15,3.0,8.100059559261453,-1.5485407980941002,9.469922572960087,hold_expired,,3.0113855556013,3.0113855556013
2024-03-15,2024-03-15,300496,289,421,True,True,False,36.3397,36.3397,True,,0.7645746899930916,6.094123800495099,11.0,2.441767053343713,0.9600229330187287,1.5382946441005945,0.5883288255268626,0.9431818181818182,0.9791183309236741,0.6403712315335145,1.4061990191297673,5.7859531792762375,closed,2024-03-21,-3.329122257053286,filled,2024-03-18,63.8,2024-03-21,61.81,3.0,-3.119122257053286,-3.3385579937303955,5.141065830721003,hold_expired,,3.9894702878432,3.9894702878432
2024-03-18,2024-03-18,300133,290,109,True,True,False,42.5781,42.5781,True,,2.8960817804141836,5.867545995543799,10.0,3.4129692816904145,0.9204061047157981,1.9035194000926823,0.33222590696573295,0.9651515151515152,1.0,0.8974358994820779,1.2409090882365177,8.828828865834204,closed,2024-03-22,78.17709677419356,filled,2024-03-19,6.2,2024-03-22,11.06,3.0,78.38709677419355,-0.3225806451612967,78.38709677419355,hold_expired,,25.7049505067504,25.7049505067504
2024-03-18,2024-03-18,300450,290,380,True,True,True,74.2577,74.2577,True,,13.548102380218797,5.867545995543799,5.0,1.5430775821115184,0.6854916572130842,4.0556917512492685,7.074490215352736,0.9651515151515152,0.7520435968405315,0.6675749314794034,4.2995815966473385,14.101995567912674,closed,2024-03-22,-6.210000000000005,filled,2024-03-19,25.99,2024-03-22,24.4306,3.0,-6.000000000000005,-6.694882647171985,0.5001923816852827,stop_loss,,20.1961488952548,20.1961488952548
2024-03-18,2024-03-18,300860,290,765,True,True,False,41.8018,41.8018,True,,0.6134969333006834,5.867545995543799,12.0,2.715495760989839,0.7677332377341812,1.5931456256701482,0.5148320719689847,0.9651515151515152,0.9857142869562963,0.6476190492750605,1.258561640931484,6.465853031639268,closed,2024-03-22,0.3516605616605597,filled,2024-03-19,40.95,2024-03-22,41.18,3.0,0.5616605616605597,-3.0769230769230993,3.0525030525030417,hold_expired,,1.9170158375325,1.9170158375325
2024-03-18,2024-03-18,301110,290,998,True,True,True,53.7978,53.7978,True,,6.566820290239983,5.867545995543799,11.0,0.7825600762206619,0.7953324025148918,1.5783113116339027,1.9283746770702104,0.9651515151515152,0.8903225825153586,0.7419354812283047,0.895583990086769,6.382978735952549,closed,2024-03-22,0.9288286334056197,filled,2024-03-19,36.88,2024-03-22,37.3,3.0,1.1388286334056197,-2.14208242950108,5.206073752711493,hold_expired,,1.023782660144,1.023782660144
2024-03-21,2024-03-21,300720,293,634,True,True,True,53.4088,53.4088,True,,6.525911718276767,2.7078807173023023,11.0,1.1264080003829169,0.7441935856474423,5.240409867826236,0.36166364964955733,0.9272727272727272,0.46861924716339015,0.46861924716339015,2.8476595778975544,6.7307692390480955,closed,2024-03-25,-6.210000000000005,filled,2024-03-22,16.51,2024-03-25,15.5194,1.0,-6.000000000000005,-6.117504542701391,0.363416111447612,stop_loss,,2.9035996917534,2.9035996917534
2024-03-21,2024-03-21,301013,293,911,True,True,True,84.8948,84.8948,True,,25.326370785366482,2.7078807173023023,6.0,1.7651573520171437,0.7614036782239535,3.1057973915815853,8.27067668910444,0.9272727272727272,0.769230770057064,0.7085020251938983,3.3154362404241797,14.741035837832928,closed,2024-03-25,-6.210000000000005,filled,2024-03-22,14.74,2024-03-25,13.855599999999999,1.0,-6.000000000000005,-7.191316146540028,5.49525101763908,stop_loss,,1.5075949367089,1.5075949367089
2024-03-22,2024-03-22,301182,294,1054,True,True,True,61.7895,61.7895,True,,14.40251572004312,1.5834981497199418,4.0,1.7328116124478599,0.9688463412301667,1.8940934398450737,0.1651982208057179,0.8090909090909091,0.7589285704881908,0.7589285704881908,1.4990439799736206,4.901960788760018,closed,2024-03-26,-6.210000000000005,filled,2024-03-25,17.73,2024-03-26,16.6662,1.0,-6.000000000000005,-6.937394247038919,1.0716300056401673,stop_loss,,1.0172831049539,1.0172831049539
2024-03-25,2024-03-25,301004,295,902,True,True,True,41.6222,41.6222,True,,4.03325123102356,2.096625343614722,10.0,2.4877149793757325,0.9275578926197663,2.1956462585034013,1.3953488486614818,0.5257575757575758,0.7067901241164387,0.6388888902714409,2.277108433333324,8.11070229616222,closed,2024-03-29,3.6418518518518397,filled,2024-03-26,67.5,2024-03-29,70.1,3.0,3.8518518518518396,-2.400000000000002,4.829629629629628,hold_expired,,1.0541920344182,1.0541920344182
2024-03-25,2024-03-25,301210,295,1079,True,True,True,49.3985,49.3985,True,,4.550561797752795,2.096625343614722,10.0,2.7325420921887833,0.8269146191197714,3.4887403237156933,1.9726027397260149,0.5257575757575758,0.7101827676240209,0.5091383812010435,2.6584035696579043,6.647564469914036,closed,2024-03-29,3.84994550408717,filled,2024-03-26,36.7,2024-03-29,38.19,3.0,4.05994550408717,-3.787465940054502,12.915531335149844,hold_expired,,1.0,1.0
2024-03-26,2024-03-26,300174,296,145,True,True,True,49.0882,49.0882,True,,4.347826087736628,1.400943748503125,11.0,4.070556302996275,0.9298509765800111,3.4177887630501345,0.9345794296824472,0.5193035579106737,0.9696969686624344,0.9292929286297643,2.0842105238795137,7.7690662714850145,closed,2024-04-01,6.852706270627062,filled,2024-03-27,15.15,2024-04-01,16.22,3.0,7.062706270627062,-3.5643564356435675,7.26072607260726,hold_expired,,3.8463565392717,3.8463565392717
2024-03-26,2024-03-26,300438,296,368,True,True,False,37.4377,37.4377,True,,0.7865168532020794,1.400943748503125,9.0,7.879262989990766,0.8302871045857713,3.096708013937282,1.2796386299785745,0.5193035579106737,0.8796068794234914,0.8796068794234914,2.8013765928011156,14.510638237245788,closed,2024-04-01,7.410470676129987,filled,2024-03-27,26.77,2024-04-01,28.81,3.0,7.620470676129987,-5.715353007097512,9.002614867388846,hold_expired,,4.6085828628233,4.6085828628233
2024-03-26,2024-03-26,300871,296,776,True,True,True,78.648,78.648,True,,22.232824392653395,1.400943748503125,4.0,4.3689320503718765,0.8088471090080649,2.0362165110922534,1.1049723751336948,0.5193035579106737,0.9642857120457804,0.874999995011058,2.1838440208188628,10.051546403488377,closed,2024-04-01,13.12333333333333,filled,2024-03-27,12.6,2024-04-01,14.28,3.0,13.33333333333333,-5.079365079365061,16.825396825396833,hold_expired,,1.5659631436096,1.5659631436096
2024-03-26,2024-03-26,301349,296,1189,True,True,False,41.4819,41.4819,True,,1.605044423125257,1.400943748503125,11.0,6.70623146483239,0.7643747739332488,4.399236641221374,2.902757611475004,0.5193035579106737,0.8131212719625636,0.8131212719625636,2.7626520222027744,13.078149907831826,closed,2024-04-01,5.075714285714294,filled,2024-03-27,35.0,2024-04-01,36.85,3.0,5.285714285714294,-1.7714285714285571,10.971428571428588,hold_expired,,1.5192529842126,1.5192529842126
2024-04-02,2024-04-02,300927,301,829,True,True,True,75.0635,75.0635,True,,35.8730158466599,0.4252402318431381,4.0,5.469235546848827,0.7974329717199949,1.739315672557276,0.8244994019356966,0.6343679031037093,0.9246861916905448,0.8451882831714312,2.0340425534747077,16.304347825686726,closed,2024-04-08,-7.2702556299452334,filled,2024-04-03,16.43,2024-04-08,15.27,1.0,-7.0602556299452335,-13.08581862446745,0.669506999391345,stop_loss,,1.8450020918556,1.8450020918556
2024-04-08,2024-04-08,300131,303,107,True,True,True,49.8347,49.8347,True,,6.066176463665762,0.1894767856940538,4.0,4.293381081767899,0.8603776495805835,2.230742977906028,1.2280701624960422,0.2384557153671461,0.9399999991158652,0.9399999991158652,1.7543859670314432,9.695817484161617,closed,2024-04-12,-6.210000000000005,filled,2024-04-09,5.66,2024-04-12,5.320399999999999,3.0,-6.000000000000005,-16.784452296819797,6.537102473498235,stop_loss,,18.5492030508447,18.5492030508447
2024-04-08,2024-04-08,300634,303,552,True,True,False,35.3456,35.3456,True,,-11.039261004315637,0.1894767856940538,5.0,6.364110606965934,0.7581737807957876,2.437444997359873,0.20811651150414168,0.2384557153671461,0.7724867711671832,0.6560846551774393,1.5189437376187154,8.32395948126683,closed,2024-04-12,-6.210000000000016,filled,2024-04-09,19.08,2024-04-12,17.9352,3.0,-6.000000000000016,-6.656184486373185,1.5723270440251458,stop_loss,,1.0183074150458,1.0183074150458
2024-04-08,2024-04-08,301016,303,913,True,True,False,45.1293,45.1293,True,,1.675041877330341,0.1894767856940538,3.0,2.4760832921183917,0.8202220412122759,3.0821742313323575,1.222901587201819,0.2384557153671461,0.7550000009066862,0.4299999971084083,2.3217247142944095,6.491228050967646,closed,2024-04-12,-3.739411764705903,filled,2024-04-09,17.85,2024-04-12,17.22,3.0,-3.529411764705903,-4.145658263305341,4.8739495798319155,hold_expired,,1.0201990660218,1.0201990660218
2024-04-08,2024-04-08,301046,303,940,True,True,True,47.2987,47.2987,True,,1.5541740823933337,0.1894767856940538,3.0,1.5668202719673618,0.8837499321724787,3.8314550283540307,4.860155912763142,0.2384557153671461,0.902654868842236,0.6061946903234956,2.8894977229722283,8.234737352131138,closed,2024-04-12,-6.210000000000005,filled,2024-04-09,22.3,2024-04-12,20.962,3.0,-6.000000000000005,-7.399103139013463,1.5695067264573925,stop_loss,,1.0125195618153,1.0125195618153
2024-04-08,2024-04-08,301337,303,1184,True,True,False,33.3882,33.3882,True,,-10.30805687083669,0.1894767856940538,5.0,4.75409837576345,0.8930766800529621,2.325072210533823,1.9391327757200205,0.2384557153671461,0.7843137241130762,0.6784313712407555,2.537313435083946,8.577165809929642,closed,2024-04-12,-5.201905018888287,filled,2024-04-09,37.06,2024-04-12,35.21,3.0,-4.991905018888287,-5.288720992984352,7.906098219104152,hold_expired,,1.005055611729,1.005055611729
2024-04-08,2024-04-08,301383,303,1216,True,True,False,37.4653,37.4653,True,,-11.143761301989151,0.1894767856940538,12.0,3.8809831824062058,0.8831266642340645,3.399218984680084,0.9501797637391007,0.2384557153671461,0.7390300230946891,0.5334872979214788,2.233603537214443,7.935200439319057,closed,2024-04-10,-6.210000000000005,filled,2024-04-09,38.9,2024-04-10,36.565999999999995,1.0,-6.000000000000005,-8.86889460154241,0.15424164524422412,stop_loss,,1.0,1.0
2024-04-12,2024-04-12,300894,307,798,True,True,True,68.7655,68.7655,True,,15.127388580754463,-2.7019105851844194,7.0,3.8284839131529247,0.8525276796873952,10.262787828947369,5.16363639427726,0.18518518518518517,0.7414634167514126,0.7414634167514126,3.9640884140209094,16.425120852106147,closed,2024-04-18,28.38195402298851,filled,2024-04-15,13.92,2024-04-18,17.9,3.0,28.59195402298851,-4.669540229885061,38.793103448275865,hold_expired,,1.05643940217,1.05643940217
2024-04-12,2024-04-12,300926,307,828,True,True,True,78.9531,78.9531,True,,19.13430422085234,-2.7019105851844194,7.0,2.572463774442857,0.7377001487089486,4.883866857779902,2.434782618435949,0.18518518518518517,0.5837104078249179,0.38461538710205345,1.6688241625730946,11.84960122174874,closed,2024-04-16,-6.210000000000005,filled,2024-04-15,29.48,2024-04-16,27.711199999999998,1.0,-6.000000000000005,-9.02306648575304,1.6282225237449266,stop_loss,,1.8196571784515,1.8196571784515
2024-04-15,2024-04-15,300628,308,547,True,True,True,80.0455,80.0455,True,,32.815611321628666,-0.3690672930919847,3.0,2.5072323982563205,0.8171812418207904,2.650652550273006,5.873015879230903,0.10128495842781557,0.7534246576019221,0.7534246576019221,1.5595116983872086,11.875209676881004,closed,2024-04-19,3.1696016898008263,filled,2024-04-16,33.14,2024-04-19,34.26,3.0,3.3796016898008263,-0.9354254677127471,7.72480386240193,hold_expired,,18.485856304900494,18.485856304900494
2024-04-22,2024-04-22,300636,313,554,True,True,True,85.4563,85.4563,True,,41.346153821493715,-1.4013889625784315,8.0,3.273495252258818,0.715268432121616,2.3649257651580085,5.214723935766075,0.16540785498489427,1.0,1.0,2.1222929954028253,15.100671129995291,closed,2024-04-26,2.8899999999999917,filled,2024-04-23,10.0,2024-04-26,10.31,3.0,3.0999999999999917,-4.200000000000004,4.800000000000004,hold_expired,,3.9098730913472,3.9098730913472
2024-04-22,2024-04-22,300667,313,584,True,True,False,42.6859,42.6859,True,,-1.9083969207276064,-1.4013889625784315,3.0,2.1541010803304395,0.7037664939084705,4.076959563619115,0.46911650834229324,0.16540785498489427,0.6015037593254882,0.4135338339293948,2.130434786356276,9.829059833619658,closed,2024-04-26,6.176292834890961,filled,2024-04-23,12.84,2024-04-26,13.66,3.0,6.386292834890961,-3.5046728971962593,7.476635514018692,hold_expired,,2.3229921118305,2.3229921118305
2024-04-22,2024-04-22,301101,313,990,True,True,True,49.2102,49.2102,True,,1.4115898983932285,-1.4013889625784315,3.0,1.6024418187046585,0.6820372063139422,2.688052786747157,3.096676717012947,0.16540785498489427,0.7905759158711432,0.7905759158711432,1.9807407421500933,7.862504939045789,closed,2024-04-26,1.2583734939759053,filled,2024-04-23,26.56,2024-04-26,26.95,3.0,1.4683734939759052,-5.0451807228915735,3.350903614457823,hold_expired,,1.5261534975797,1.5261534975797
2024-04-23,2024-04-23,300215,314,179,True,True,False,42.4158,42.4158,True,,-6.619385342908646,-1.093849876530395,4.0,1.344086013461887,0.6396252508806918,3.773737803293406,1.5424164624024517,0.17371601208459214,0.4310344830594244,0.4310344830594244,3.018587359492261,10.644257700950055,closed,2024-04-29,7.264226804123707,filled,2024-04-24,3.88,2024-04-29,4.17,3.0,7.474226804123707,-2.0618556701030855,10.309278350515472,hold_expired,,18.7765347132084,18.7765347132084
2024-04-23,2024-04-23,300503,314,428,True,True,False,39.6017,39.6017,True,,-6.652512394624366,-1.093849876530395,4.0,4.150352380384081,0.7092684663986994,3.003299584161996,0.304182510612816,0.17371601208459214,0.6052631568800899,0.5592105258253763,2.119521915150617,10.74727120753014,closed,2024-04-29,16.317672479150858,filled,2024-04-24,13.19,2024-04-29,15.37,3.0,16.52767247915086,-1.9711902956785488,21.531463229719485,hold_expired,,2.5594667409002,2.5594667409002
2024-04-23,2024-04-23,300532,314,455,True,True,False,42.6785,42.6785,True,,-2.724795647897693,-1.093849876530395,4.0,2.2463768203237366,0.6943477789041079,2.747127646511954,0.8474576195428352,0.17371601208459214,0.6571428561095305,0.5714285731507863,1.0652173906994837,7.449209923870881,closed,2024-04-29,5.2125352112676095,filled,2024-04-24,14.2,2024-04-29,14.97,3.0,5.4225352112676095,-0.07042253521127861,5.633802816901401,hold_expired,,3.5549901149106,3.5549901149106
2024-04-23,2024-04-23,300660,314,577,True,True,True,53.1097,53.1097,True,,3.1393568213170964,-1.093849876530395,4.0,0.7033997619747767,0.7266633649652258,3.249511065362841,3.2579532448102633,0.17371601208459214,0.7342995169974809,0.6956521742220523,2.104575165471252,9.245742092747733,closed,2024-04-29,8.42363363363363,filled,2024-04-24,26.64,2024-04-29,28.94,3.0,8.63363363363363,-0.48798798798797005,16.066066066066064,hold_expired,,3.3986110173115,3.3986110173115
2024-04-23,2024-04-23,300733,314,646,True,True,False,38.7408,38.7408,True,,-11.175898939581474,-1.093849876530395,4.0,1.258581263688019,0.6531156931756837,1.8970631424375919,1.2181616430177566,0.17371601208459214,0.5368421035853392,0.5368421035853392,1.7340286893793178,11.1922141226791,closed,2024-04-29,5.837516198704117,filled,2024-04-24,9.26,2024-04-29,9.82,3.0,6.047516198704117,-0.9719222462203136,9.287257019438444,hold_expired,,1.6510027815467,1.6510027815467
2024-04-23,2024-04-23,300903,314,807,True,True,False,41.6663,41.6663,True,,-9.452054800944222,-1.093849876530395,4.0,3.779527498122448,0.6629819683495412,1.8223780124491322,0.15151514555789003,0.17371601208459214,0.9056603708721487,0.8490565996459132,1.2124183063289817,13.184931456016802,closed,2024-04-29,13.701620294599003,filled,2024-04-24,6.11,2024-04-29,6.96,3.0,13.911620294599004,-2.454991816693952,14.238952536824879,hold_expired,,1.8111830713526,1.8111830713526
2024-04-23,2024-04-23,300947,314,847,True,True,False,45.1867,45.1867,True,,-6.277244989436992,-1.093849876530395,4.0,3.0518819606228154,0.5911831939765662,3.671851328148672,5.599214147910314,0.17371601208459214,0.6249999999999994,0.6249999999999994,2.5761226747770127,16.09071272216296,closed,2024-04-29,26.130996168582385,filled,2024-04-24,10.44,2024-04-29,13.19,3.0,26.340996168582386,-2.1072796934865745,26.340996168582386,hold_expired,,2.9018653321201,2.9018653321201
2024-04-23,2024-04-23,300956,314,855,True,True,False,39.0119,39.0119,True,,-11.12000002315926,-1.093849876530395,4.0,4.823747750784446,0.6167256074643058,1.7893545408512792,0.7252946688142803,0.17371601208459214,0.7901234552913823,0.7901234552913823,0.9426433868610331,12.222222181388332,closed,2024-04-29,8.968321678321686,filled,2024-04-24,11.44,2024-04-29,12.49,3.0,9.178321678321687,-2.447552447552437,9.702797202797209,hold_expired,,1.0169583502917,1.0169583502917
2024-04-23,2024-04-23,301081,314,972,True,True,False,38.4355,38.4355,True,,-10.463733665010444,-1.093849876530395,4.0,2.7624309371836797,0.6462291239821074,2.393207410098075,1.209677413594057,0.17371601208459214,0.49999999921264426,0.1399999993386213,1.0886469686176574,10.572687220798716,closed,2024-04-29,13.060777479892735,filled,2024-04-24,7.46,2024-04-29,8.45,3.0,13.270777479892736,-0.2680965147452974,13.53887399463809,hold_expired,,1.2700718059883,1.2700718059883
2024-04-23,2024-04-23,301105,314,993,True,True,False,31.8994,31.8994,True,,-10.848198036193846,-1.093849876530395,4.0,3.930130981337776,0.8155930864545481,2.076417419884963,2.340158769583933,0.17371601208459214,0.5940170909577948,0.5940170909577948,1.4547069246970108,17.065009512918117,closed,2024-04-29,10.581666666666642,filled,2024-04-24,24.0,2024-04-29,26.59,3.0,10.791666666666643,-4.5000000000000036,11.00000000000001,hold_expired,,1.0267737617135,1.0267737617135
2024-04-23,2024-04-23,301176,314,1048,True,True,False,44.414,44.414,True,,-10.175145941001507,-1.093849876530395,4.0,2.793834243792337,0.6341947594287185,1.7038872370884264,1.4124293996739645,0.17371601208459214,0.9555555656630712,0.8555555624615415,1.3710554863560416,10.0102145554966,closed,2024-04-29,10.001591536338548,filled,2024-04-24,10.87,2024-04-29,11.98,3.0,10.211591536338549,-2.3919043238270543,10.395584176632955,hold_expired,,1.0064629847239,1.0064629847239
2024-04-23,2024-04-23,301255,314,1111,True,True,False,42.3427,42.3427,True,,-6.503327271187997,-1.093849876530395,4.0,2.3129251721274446,0.6848884442782996,3.1248374512353707,1.7110891814897,0.17371601208459214,0.5679347828652834,0.5679347828652834,2.287744225475389,11.387387396285508,closed,2024-04-29,6.557910201386607,filled,2024-04-24,30.29,2024-04-29,32.34,3.0,6.767910201386607,-0.2641135688345897,12.215252558600188,hold_expired,,1.6403734544537,1.6403734544537
2024-04-23,2024-04-23,301390,314,1221,True,True,True,50.2151,50.2151,True,,-6.836581709145428,-1.093849876530395,4.0,2.5418060200668835,0.6349206106515237,2.6150759529951277,1.7354289456450678,0.17371601208459214,1.0,1.0,1.227635075287866,8.636363636363642,closed,2024-04-29,5.672352941176472,filled,2024-04-24,30.6,2024-04-29,32.4,3.0,5.882352941176472,-0.8169934640522847,7.4509803921568585,hold_expired,,1.0,1.0
2024-04-24,2024-04-24,300337,315,284,True,True,True,50.4914,50.4914,True,,-5.464480878327949,-0.1174497548473874,5.0,2.6687598083617425,0.5724042276279134,3.293077647375324,4.060150391481598,0.26510574018126887,0.8333333337775296,0.8333333337775296,1.64936886113758,12.70358306889654,closed,2024-04-30,2.4409572901325385,filled,2024-04-25,6.79,2024-04-30,6.97,3.0,2.6509572901325384,-0.7363770250368273,6.627393225331368,hold_expired,,4.4667869465361,4.4667869465361
2024-04-24,2024-04-24,300469,315,397,True,True,False,40.5687,40.5687,True,,-11.639460609577501,-0.1174497548473874,5.0,6.857142867131838,0.5623678327567916,1.6250803032249774,1.1372867605954795,0.26510574018126887,0.97999999857241,0.8200000001297809,0.8363201906272326,10.176991157303018,closed,2024-04-30,9.141927809680059,filled,2024-04-25,12.19,2024-04-30,13.33,3.0,9.35192780968006,0.0,14.602132895816244,hold_expired,,3.0821177808637,3.0821177808637
2024-04-24,2024-04-24,300757,315,666,True,True,True,48.8779,48.8779,True,,4.7029702608123225,-0.1174497548473874,5.0,2.970488653770653,0.8304453995208,2.217543793487074,4.149188344103294,0.26510574018126887,0.8876678870900215,0.8064713038114263,1.7198140086567952,17.40337169076971,closed,2024-04-30,18.913397290170053,filled,2024-04-25,109.97,2024-04-30,131.0,3.0,19.123397290170054,-1.3367281985996127,23.961080294625802,hold_expired,,1.3157577098431,1.3157577098431
2024-04-25,2024-04-25,300801,316,707,True,True,True,44.8244,44.8244,True,,-0.6101695002438179,-0.37999326701370073,6.0,2.9840388642789706,0.7666260347587319,2.4598383866289106,0.8253094910099845,0.30839002267573695,1.0,0.9397590305624063,1.0859813122112638,5.467625912083363,closed,2024-05-06,8.413386065850023,filled,2024-04-26,14.51,2024-05-06,15.59,3.0,8.623386065850024,-2.0675396278428626,9.320136457548855,hold_expired,,1.9242984168264,1.9454364853961
2024-04-29,2024-04-29,300596,318,515,True,True,True,81.3258,81.3258,True,,33.333333342713026,2.9238291207097866,7.0,2.3598819960601536,0.6732382700085031,1.8868106560438191,2.0134228117118624,0.7443095599393019,0.7814371245752749,0.7814371245752749,2.231980907121796,16.296863048315124,closed,2024-05-08,15.074280936454862,filled,2024-04-30,29.9,2024-05-08,34.47,3.0,15.284280936454863,-1.304347826086938,19.79933110367893,hold_expired,,1.5586717721254,1.5586717721254
2024-05-09,2024-05-09,300327,323,276,True,True,False,57.2033,57.2033,True,,7.979274614089715,3.6238182924594797,6.0,3.792415170892316,0.8068126073515092,2.6049023802115743,2.45821042359875,0.8927756653992396,0.905660377358489,0.8742138364779869,1.6037463976945256,8.541666669562066,closed,2024-05-15,9.610996613449439,filled,2024-05-10,20.67,2024-05-15,22.7,3.0,9.82099661344944,-4.547653604257384,15.868408321238503,hold_expired,,3.072993999132,3.072993999132
2024-05-09,2024-05-09,300390,323,326,True,True,False,68.697,68.697,True,,16.065747626996576,3.6238182924594797,8.0,2.3094688091188864,0.7145914826827371,1.8056761235844216,0.5050505107796033,0.8927756653992396,0.6219512193372257,0.6219512193372257,1.0891840687273475,3.8917893036626516,closed,2024-05-15,-3.789623680587407,filled,2024-05-10,21.79,2024-05-15,21.01,3.0,-3.579623680587407,-4.222120238641558,0.3212482790270865,hold_expired,,8.4998144483182,8.4998144483182
2024-05-09,2024-05-09,300457,323,387,True,True,True,81.7474,81.7474,True,,18.256130803150583,3.6238182924594797,5.0,2.9149315895084404,0.6595115981838442,2.474315352996843,1.9976498439738588,0.8927756653992396,0.8510638280660073,0.8510638280660073,1.323943670381262,6.765067665005331,closed,2024-05-15,-2.41289855072463,filled,2024-05-10,17.25,2024-05-15,16.87,3.0,-2.20289855072463,-2.2608695652173827,8.057971014492749,hold_expired,,5.7861413239305,5.7861413239305
2024-05-09,2024-05-09,300490,323,416,True,True,False,70.4705,70.4705,True,,13.374999985846102,3.6238182924594797,5.0,2.151755370031183,0.6971709298315565,2.925593631948192,1.5677491763444351,0.8927756653992396,0.6617647051411034,0.6617647051411034,1.5063291148851412,5.342624860764533,closed,2024-05-15,-6.210000000000005,filled,2024-05-10,9.05,2024-05-15,8.507,3.0,-6.000000000000005,-6.2983425414364635,0.44198895027622864,stop_loss,,2.0422836934882,2.0422836934882
2024-05-09,2024-05-09,300759,323,668,True,True,False,67.1527,67.1527,True,,15.024766094536535,3.6238182924594797,6.0,2.2526934352287586,0.7684270131117393,1.8784292579558786,0.7228915644894585,0.8927756653992396,0.707142856295882,0.6999999987518256,1.8283582083378571,5.449041367635954,closed,2024-05-15,6.661696299855845,filled,2024-05-10,20.81,2024-05-15,22.24,3.0,6.871696299855845,-0.04805382027869287,14.12782316194139,hold_expired,,2.2890548723384,2.2890548723384
2024-05-09,2024-05-09,300890,323,794,True,True,True,81.6036,81.6036,True,,23.646333109085926,3.6238182924594797,7.0,6.952352424105057,0.6820457116686536,3.7526211548316506,4.761904778463788,0.8927756653992396,0.8746736308144478,0.8746736308144478,1.3513104831433014,16.53746770467308,closed,2024-05-13,-6.209999999999995,filled,2024-05-10,34.7,2024-05-13,32.618,1.0,-5.999999999999995,-8.991354466858791,0.8645533141210304,stop_loss,,1.001992825827,1.001992825827
2024-05-09,2024-05-09,301095,323,984,True,True,False,65.4385,65.4385,True,,12.407407414010606,3.6238182924594797,12.0,3.965351291443764,0.7837936922803206,2.2048333821131414,1.9216417869784452,0.8927756653992396,0.9530685912659809,0.8050541513779289,2.058932839118632,9.676771728007605,closed,2024-05-13,-6.789187169673761,filled,2024-05-10,54.87,2024-05-13,51.26,1.0,-6.579187169673761,-8.802624384909773,0.05467468562057043,stop_loss,,1.0040729049995,1.0040729049995
2024-05-09,2024-05-09,301238,323,1105,True,True,False,59.5572,59.5572,True,,13.789417420966021,3.6238182924594797,3.0,5.040806514249652,0.8085212578837777,2.2814314361317196,1.4775977008238073,0.8927756653992396,0.6194029844649276,0.45522387943304193,0.9873684264176291,8.180894337646727,closed,2024-05-13,-6.210000000000005,filled,2024-05-10,20.93,2024-05-13,19.6742,1.0,-6.000000000000005,-9.890109890109889,1.6244624940277008,stop_loss,,1.0047687172151,1.0047687172151
2024-05-09,2024-05-09,301487,323,1245,True,True,False,48.3931,48.3931,True,,8.914209115281512,3.6238182924594797,5.0,2.540777917189452,0.7934935899681853,2.1018766756032172,1.0258004351880512,0.8927756653992396,0.38356164383561625,0.38356164383561625,0.8491898628998737,5.177993527508096,closed,2024-05-13,-6.210000000000005,filled,2024-05-10,32.09,2024-05-13,30.1646,1.0,-6.000000000000005,-7.697101900903713,1.5892801495793085,stop_loss,,1.0,1.0
2024-05-13,2024-05-13,300374,325,312,True,True,True,48.3958,48.3958,True,,5.116002372627038,4.564772710088061,5.0,0.7674143938019351,0.833102548611006,1.5789962517000034,1.0869565315976049,0.607006854531607,0.820652173605318,0.6358695667560182,1.6891803280570044,10.437499996461153,closed,2024-05-15,-6.210000000000005,filled,2024-05-14,17.24,2024-05-15,16.205599999999997,1.0,-6.000000000000005,-7.1345707656612305,1.5081206496520005,stop_loss,,2.207644874819,2.207644874819
2024-05-14,2024-05-14,300031,326,24,True,True,True,81.2563,81.2563,True,,19.618745061476297,4.36042571224331,8.0,3.556485351532701,0.8003370404434129,4.397969591993841,1.7567568108253218,0.7126524390243902,0.8181818252251133,0.7090909163527881,2.193732185041234,9.846827166312,closed,2024-05-20,-6.210000000000005,filled,2024-05-15,15.0,2024-05-20,14.099999999999998,3.0,-6.000000000000005,-6.533333333333335,2.6666666666666616,stop_loss,,6.805604792327,6.805604792327
2024-05-14,2024-05-14,300856,326,761,True,True,False,66.5783,66.5783,True,,12.707808622003046,4.36042571224331,6.0,2.065305178627075,0.8340542933110429,1.937626546681665,1.75099487532826,0.7126524390243902,0.9797048014172417,0.8321033222086978,1.8301977799324254,6.472337905546999,closed,2024-05-16,-6.210000000000016,filled,2024-05-15,90.23,2024-05-16,84.81619999999998,1.0,-6.000000000000016,-11.37094092873767,0.0,stop_loss,,1.5348239678677,1.5348239678677
2024-05-14,2024-05-14,301011,326,909,True,True,True,75.1368,75.1368,True,,18.51092893577222,4.36042571224331,8.0,3.8393384785418982,0.7876744428087956,2.796613406327583,1.6998827728061716,0.7126524390243902,0.6760563365703456,0.6478873227190907,2.0622406683997574,8.437499999311049,closed,2024-05-20,-1.3674074074074292,filled,2024-05-15,17.28,2024-05-20,17.08,3.0,-1.1574074074074292,-5.381944444444442,0.5208333333333259,hold_expired,,1.7009385113269,1.7009385113269
2024-05-20,2024-05-20,300314,330,265,True,True,True,80.4181,80.4181,True,,14.473684210824267,3.5215934916754232,8.0,2.755267417555818,0.5469677386523525,2.660605635777373,0.6168080208214466,0.760670731707317,0.935483870631961,0.8064516139777236,1.8045738018401412,9.756097541382424,closed,2024-05-24,-6.210000000000005,filled,2024-05-21,12.91,2024-05-24,12.135399999999999,3.0,-6.000000000000005,-6.661502711076683,2.5561580170410547,stop_loss,,3.8737438608152,3.8737438608152
2024-05-21,2024-05-21,300407,331,340,True,True,True,44.0745,44.0745,True,,-5.981941308885208,2.9794089420085434,11.0,1.8315018247925252,0.7947120904772224,2.132620450817182,0.6038647320408597,0.6150914634146342,1.0,0.7948717916902938,0.8149253766808932,4.38596492690877,closed,2024-05-27,-2.994503631961266,filled,2024-05-22,8.26,2024-05-27,8.03,3.0,-2.784503631961266,-5.32687651331718,0.7263922518159882,hold_expired,,4.1330264148941,4.1330264148941
2024-05-22,2024-05-22,301161,332,1036,True,True,True,51.1261,51.1261,True,,3.4005763202536787,4.031694724115398,12.0,2.397660785321154,0.7766025896673727,5.03794720389024,3.6994219717500387,0.663109756097561,0.8109756059929117,0.6341463398400794,2.309859152904875,8.85922329870561,closed,2024-05-24,-6.210000000000005,filled,2024-05-23,17.71,2024-05-24,16.6474,1.0,-6.000000000000005,-7.001693958215693,0.28232636928291477,stop_loss,,1.0077590141488,1.0077590141488
2024-05-22,2024-05-22,301252,332,1110,True,True,False,46.4263,46.4263,True,,4.7565425823515195,4.031694724115398,4.0,1.9893509610876658,0.8961129866614282,2.560936020559989,0.5498408954534906,0.663109756097561,0.698795181181719,0.5261044177034551,2.6138237795497816,7.976582529504372,closed,2024-05-28,-3.6726038781163437,filled,2024-05-23,28.88,2024-05-28,27.88,3.0,-3.4626038781163437,-4.051246537396114,8.033240997229928,hold_expired,,1.476389225916,1.476389225916
2024-05-22,2024-05-22,301459,332,1241,True,True,True,65.8039,65.8039,True,,10.365135453474682,4.031694724115398,5.0,2.5454545454545396,0.7543934614884203,3.5570251517779705,2.786309784993435,0.663109756097561,0.8261802575107305,0.8261802575107305,2.388868546320027,10.287193973634668,closed,2024-05-27,-6.210000000000005,filled,2024-05-23,46.8,2024-05-27,43.992,2.0,-6.000000000000005,-6.794871794871793,5.641025641025643,stop_loss,,1.0,1.0
2024-05-23,2024-05-23,300581,333,501,True,True,True,53.397,53.397,True,,7.4829931382885295,3.140469652964306,3.0,4.318936895523262,0.8040939563220657,4.662763908947115,0.7438895013509583,0.37652439024390244,0.7016129001307453,0.6370967715406394,2.7125000193100606,10.489510424403292,closed,2024-05-27,-6.210000000000005,filled,2024-05-24,9.1,2024-05-27,8.554,1.0,-6.000000000000005,-7.582417582417589,4.285714285714293,stop_loss,,11.7672625132801,11.7672625132801
2024-05-24,2024-05-24,300880,334,784,True,True,True,59.5032,59.5032,True,,6.712113279687126,2.7165969097818987,10.0,1.9704433736235205,0.7118488856450518,5.038224336441516,7.161664052086003,0.2728658536585366,0.7695035472376327,0.7695035472376327,2.355608590306306,14.261650764380507,closed,2024-05-30,0.18408866995074288,filled,2024-05-27,20.3,2024-05-30,20.38,3.0,0.3940886699507429,-3.251231527093601,18.768472906403932,hold_expired,,1.5023387315393,1.5023387315393
2024-05-27,2024-05-27,301381,335,1214,True,True,True,62.1129,62.1129,True,,13.594040976947607,3.239586758601587,9.0,2.787456467080851,0.6678672289183971,4.914810726576197,1.8024032290421266,0.2974828375286041,0.20710059343621756,0.15976331560772758,2.5619924227965942,10.028860053790378,closed,2024-05-30,-6.210000000000005,filled,2024-05-28,28.13,2024-05-30,26.20181636363856,2.0,-6.000000000000005,-7.441531291488679,3.0216850337717815,stop_loss,,1.0074940047962,1.0167370690603
2024-05-29,2024-05-29,301387,337,1218,True,True,True,92.7859,92.7859,True,,34.46962639133324,0.8161496807298718,5.0,2.315982577339404,0.6246697542416297,3.408263335181,4.566090395672107,0.27494287890327496,1.0,1.0,3.777946033748301,22.423724513295795,closed,2024-06-04,6.181402714932126,filled,2024-05-30,35.36,2024-06-04,37.62,3.0,6.391402714932126,-3.393665158371051,28.93099547511313,hold_expired,,1.4371886039997,1.4371886039997
2024-05-31,2024-05-31,300696,339,613,True,True,True,52.7558,52.7558,True,,5.529472470019159,-0.6788658509585654,9.0,5.323450137013985,0.6799402586369165,3.5135135135135136,0.769230766842699,0.328030303030303,0.7540106950140474,0.7486631012303419,2.0027539767361433,14.57725947094779,closed,2024-06-04,-6.210000000000005,filled,2024-06-03,16.06,2024-06-04,15.096399999999997,1.0,-6.000000000000005,-7.721046077210447,0.9962640099626441,stop_loss,,4.1296518461589,4.1296518461589
2024-06-03,2024-06-03,300814,340,720,True,True,True,76.3609,76.3609,True,,15.201984407961477,-1.8898667177709938,4.0,0.4771642855119773,0.7409933756860008,3.0740350348843046,7.046427415002587,0.24696969696969698,0.6951219515123819,0.6376306629473287,3.6312697663291855,15.283687972557036,closed,2024-06-07,-1.1706147934678288,filled,2024-06-04,31.23,2024-06-07,30.93,3.0,-0.9606147934678289,-3.5542747358309312,7.780979827089318,hold_expired,,1.0156141327753,1.0156141327753
2024-06-05,2024-06-05,300083,342,69,True,True,True,37.4033,37.4033,True,,1.049475270805833,-0.9759455548598583,3.0,2.4205748849786213,0.8944939094328227,2.2740110289129896,0.7473841640596834,0.1643939393939394,0.7200000006802534,0.6000000009717906,1.4170040509802546,6.141732288917301,closed,2024-06-11,-6.210000000000005,filled,2024-06-06,6.69,2024-06-11,6.2886,2.0,-6.000000000000005,-7.473841554559035,3.587443946188329,stop_loss,,8.232232505427,8.232232505427
2024-06-11,2024-06-11,300613,345,532,True,True,True,68.2788,68.2788,True,,15.26867624897359,-3.3239910268014428,7.0,3.6201780026572594,0.8975980724350447,2.1632174058826816,0.5717552851776109,0.1383219954648526,0.964179103481807,0.8477611926734951,1.9364161753004674,10.17851551636384,closed,2024-06-17,3.507579250720471,filled,2024-06-12,34.7,2024-06-17,35.99,3.0,3.717579250720471,-1.2391930835734866,7.665706051873178,hold_expired,,5.1899615324209,5.1899615324209
2024-06-17,2024-06-17,300025,349,21,True,True,True,68.681,68.681,True,,12.668743510597057,-3.8545991402866187,5.0,1.990049751990608,0.8246604284001724,3.0496044563525264,4.628736735231875,0.2653061224489796,0.8034188029045082,0.8034188029045082,2.455772113535546,12.318840574429002,closed,2024-06-21,-4.914797047970488,filled,2024-06-18,10.84,2024-06-21,10.33,3.0,-4.704797047970488,-5.442804428044279,1.9372693726937174,hold_expired,,7.9543341965544,7.9543341965544
2024-06-18,2024-06-18,300449,350,379,True,True,False,50.3586,50.3586,True,,1.6990291063981866,-3.9385937866604936,6.0,1.9950124846017436,0.7534704233686352,2.640459395271348,2.195121935310551,0.39803625377643503,0.9677419308936439,0.8387096722553494,1.486301377287112,7.435897387681578,closed,2024-06-24,-6.210000000000005,filled,2024-06-19,4.21,2024-06-24,3.9573999999999994,3.0,-6.000000000000005,-7.363420427553436,2.13776722090262,stop_loss,,3.627124471291,3.627124471291
2024-06-18,2024-06-18,300512,350,437,True,True,False,42.1768,42.1768,True,,-2.253186728416612,-3.9385937866604936,6.0,2.033898322211991,0.7457130827140078,1.6488474370639976,0.33444817159480333,0.39803625377643503,0.9677419345624927,0.7741935514583578,1.201072854385284,4.166666702962374,closed,2024-06-24,-7.876666666666666,filled,2024-06-19,6.0,2024-06-24,5.54,3.0,-7.666666666666666,-8.833333333333337,3.499999999999992,stop_loss,,3.3881288877394,3.3881288877394
2024-06-18,2024-06-18,300539,350,462,True,True,False,42.4022,42.4022,True,,-12.654320982709354,-3.9385937866604936,11.0,3.1325301066673306,0.6994686101398107,1.777007947366889,0.5924170252962213,0.39803625377643503,0.9599999955011138,0.8799999951550455,0.8749999995268577,6.124999982629009,closed,2024-06-21,-6.209999999999995,filled,2024-06-19,8.6,2024-06-21,8.084,2.0,-5.999999999999995,-8.488372093023255,0.0,stop_loss,,2.3116827412266,2.3116827412266
2024-06-18,2024-06-18,300762,350,671,True,True,False,40.2786,40.2786,True,,-3.7694013263863124,-3.9385937866604936,11.0,2.149253727318856,0.789441136823015,2.4085667120391556,1.6393442655509016,0.39803625377643503,0.7571428574642736,0.7142857135439904,1.1893203886892423,8.027380208740876,closed,2024-06-21,-6.210000000000005,filled,2024-06-19,17.26,2024-06-21,16.224400000000003,2.0,-6.000000000000005,-6.6048667439165705,2.4333719582850355,stop_loss,,4.1271650633979,4.1271650633979
2024-06-18,2024-06-18,300912,350,816,True,True,False,41.017,41.017,True,,-5.700483073808693,-3.9385937866604936,6.0,2.631578948471247,0.7143840958434947,1.5110715427110442,0.3083247611133544,0.39803625377643503,0.9420289850055138,0.7391304339672924,1.106529212408394,6.0869565190109665,closed,2024-06-24,-6.210000000000005,filled,2024-06-19,9.78,2024-06-24,9.1932,3.0,-6.000000000000005,-10.224948875255624,2.3517382413087873,stop_loss,,1.0047099915326,1.0047099915326
2024-06-18,2024-06-18,301005,350,903,True,True,False,43.6559,43.6559,True,,-0.05141952605244304,-3.9385937866604936,4.0,4.780262150876558,0.695844372362245,2.9803214661258823,0.8559732069187032,0.39803625377643503,0.8400000010615067,0.8400000010615067,1.1371046897575101,10.657411193639632,closed,2024-06-24,-2.155668135095435,filled,2024-06-19,27.24,2024-06-24,26.71,3.0,-1.9456681350954352,-3.1571218795888423,14.170337738619686,hold_expired,,2.4116688186981,2.4116688186981
2024-06-18,2024-06-18,301023,350,920,True,True,False,38.9214,38.9214,True,,-1.1686670829103352,-3.9385937866604936,6.0,1.672679569246771,0.6902644586427623,2.227672955974843,1.131221727881937,0.39803625377643503,0.549999999277499,0.49230769149256337,1.5999999997798073,5.6737588736470945,closed,2024-06-21,-6.209999999999995,filled,2024-06-19,31.16,2024-06-21,29.290399999999998,2.0,-5.999999999999995,-6.771501925545564,2.24646983311938,stop_loss,,1.5970163311192,1.5970163311192
2024-06-18,2024-06-18,301027,350,924,True,True,False,37.2079,37.2079,True,,-2.853673347204333,-3.9385937866604936,6.0,3.125000000000011,0.8114221098849023,3.8868120456905504,1.798063628897717,0.39803625377643503,0.5619047615997906,0.5619047615997906,3.2717825437203913,8.23529412072672,closed,2024-06-24,28.711568627450966,filled,2024-06-19,8.16,2024-06-24,10.52,3.0,28.921568627450966,-2.083333333333337,41.91176470588236,hold_expired,,1.0112089817897,1.0112089817897
2024-06-18,2024-06-18,301043,350,938,True,True,False,41.5937,41.5937,True,,-2.901960786520963,-3.9385937866604936,6.0,1.608910919292228,0.7708944922837752,1.5970009372071228,1.1437908442529343,0.39803625377643503,0.957446804449826,0.957446804449826,0.9789830754768846,5.227369286978956,closed,2024-06-21,-6.210000000000005,filled,2024-06-19,25.31,2024-06-21,23.791399999999996,2.0,-6.000000000000005,-7.230343737653088,0.11853022520742496,stop_loss,,1.0590456479883,1.0590456479883
2024-06-18,2024-06-18,301055,350,948,True,True,True,57.4408,57.4408,True,,5.88737196691318,-3.9385937866604936,6.0,0.9803920939738586,0.7284320057594309,3.934811979283945,8.859649118228896,0.39803625377643503,0.699481864640907,0.6373056961327159,3.583554387221099,13.853210986800878,closed,2024-06-24,0.8553603860796279,filled,2024-06-19,12.53,2024-06-24,12.52,3.0,1.065360386079628,-4.229848363926569,5.826017557861118,hold_expired,,1.042063703605,1.0540066239526
2024-06-18,2024-06-18,301112,350,1000,True,True,False,44.5321,44.5321,True,,-7.797483011575423,-3.9385937866604936,11.0,1.5535991662167126,0.6931868074430118,1.662062160828811,0.25575447480707947,0.39803625377643503,0.967391306544851,0.5543478312904404,0.8504083158121962,4.199893679967737,closed,2024-06-24,-6.210000000000005,filled,2024-06-19,19.71,2024-06-24,18.5274,3.0,-6.000000000000005,-9.233891425672258,4.26179604261796,stop_loss,,1.021745403523,1.021745403523
2024-06-18,2024-06-18,301539,350,1274,True,True,True,58.7367,58.7367,True,,8.235294095683843,-3.9385937866604936,9.0,3.0370370490090948,0.7631709636396496,2.3527983403272197,2.2222222058966734,0.39803625377643503,0.8976377902948788,0.8897637813722645,0.833453349227844,7.309486768481577,closed,2024-06-20,-6.210000000000005,filled,2024-06-19,27.2,2024-06-20,25.567999999999994,1.0,-6.000000000000005,-6.727941176470575,2.757352941176472,stop_loss,,1.0082918739635,1.0082918739635
2024-06-21,2024-06-21,300779,353,687,True,True,True,81.8167,81.8167,True,,17.62711864009814,-4.013738291478486,4.0,0.6304929368489809,0.6713908958879451,1.5500418843990587,2.8338581232545845,0.22054380664652568,0.9949874674586989,0.8822055133361861,1.3338108890362497,8.948194666510911,closed,2024-06-25,-6.209999999999995,filled,2024-06-24,54.6,2024-06-25,51.324,1.0,-5.999999999999995,-15.75091575091575,0.952380952380949,stop_loss,,1.4292546529545,1.4292546529545
2024-06-21,2024-06-21,300852,353,757,True,True,True,42.3406,42.3406,True,,7.503888021890015,-4.013738291478486,4.0,5.479955864431774,0.8773197259583256,1.5266889327463185,0.5454545414633971,0.22054380664652568,0.711943793430197,0.5245901635801455,2.4784411277883116,7.755261095481414,closed,2024-06-26,-6.210000000000016,filled,2024-06-24,26.88,2024-06-26,25.267199999999995,2.0,-6.000000000000016,-7.4032738095237915,16.07142857142856,stop_loss,,2.6007887523875,2.6007887523875
2024-06-26,2024-06-26,300609,356,528,True,True,True,51.5543,51.5543,True,,4.462365580091943,-3.5716502289167784,11.0,3.650026875332135,0.7472148438762778,2.2198249665734777,0.4653567646681456,0.2558490566037736,0.9710982658325134,0.8670520195369548,1.5569810696447428,9.71202709095147,closed,2024-07-02,2.713076923076917,filled,2024-06-27,19.5,2024-07-02,20.07,3.0,2.923076923076917,-2.1538461538461617,5.230769230769239,hold_expired,,1.0533327979466,1.0533327979466
2024-07-01,2024-07-01,300380,359,317,True,True,True,46.6189,46.6189,True,,7.8469520105795665,-2.8420148466797523,3.0,3.8196618770179214,0.9140790336888149,2.6321755113582808,2.6543209694812164,0.31975867269984914,0.5458015263440873,0.5458015263440873,3.5473887828374586,8.763897976172563,closed,2024-07-05,-6.210000000000016,filled,2024-07-02,16.57,2024-07-05,15.575799999999997,3.0,-6.000000000000016,-8.207604103802046,5.310802655401314,stop_loss,,2.0673662232369,2.0673662232369
2024-07-01,2024-07-01,301507,359,1254,True,True,True,64.0193,64.0193,True,,12.51056633255705,-2.8420148466797523,4.0,2.397525099280051,0.8345642036622838,1.703269093919282,0.9097801615472578,0.31975867269984914,0.9557522168161473,0.6194690347809066,2.374007121326635,6.055776872345264,closed,2024-07-05,-1.4313740458015265,filled,2024-07-02,13.1,2024-07-05,12.94,3.0,-1.2213740458015265,-4.2748091603053595,5.038167938931304,hold_expired,,1.0083963056255,1.0083963056255
2024-07-02,2024-07-02,300250,360,211,True,True,True,41.3223,41.3223,True,,1.153504881673606,-3.259131039571461,4.0,1.8066847354548998,0.8354199091524883,2.4919085595762676,0.3521126764986837,0.416289592760181,0.716417909441057,0.7014925362537435,1.416918426009335,7.2436500327654585,closed,2024-07-08,10.497964601769903,filled,2024-07-03,11.3,2024-07-08,12.51,3.0,10.707964601769904,-5.3097345132743445,14.15929203539823,hold_expired,,4.2043799950987,4.2043799950987
2024-07-05,2024-07-05,300879,363,783,True,True,True,72.0639,72.0639,True,,18.088467590857604,-4.486999077178744,4.0,6.1728395506377325,0.8467265683914068,2.1827657851181463,1.4935505837206486,0.18147590361445784,0.9817073175520653,0.7987804870312799,2.565363131279615,10.25073746889249,closed,2024-07-11,7.1898642226748235,filled,2024-07-08,14.73,2024-07-11,15.82,3.0,7.3998642226748235,-4.548540393754241,32.38289205702647,hold_expired,,1.0092903591166,1.0092903591166
2024-07-16,2024-07-16,300241,370,203,True,True,False,46.4895,46.4895,True,,3.5175879366054374,-1.3342490248449579,5.0,2.6894865960616854,0.7490562270676504,1.59204572517266,0.48780482616801457,0.28818660647103084,0.8999999975502382,0.7000000048995281,0.8668730549561606,4.040404046027946,closed,2024-07-18,-6.210000000000005,filled,2024-07-17,4.09,2024-07-18,3.8446,1.0,-6.000000000000005,-9.290953545232272,0.9779951100244544,stop_loss,,4.0820269330073,4.0820269330073
2024-07-16,2024-07-16,300319,370,270,True,True,True,86.0099,86.0099,True,,23.915461623062306,-1.3342490248449579,6.0,4.347826089082584,0.5950986597450356,3.5334634333610597,7.321772639852475,0.28818660647103084,0.769230769328375,0.7641025643433244,3.2577565642496458,16.162669452654498,closed,2024-07-18,-6.210000000000005,filled,2024-07-17,11.09,2024-07-18,10.424599999999998,1.0,-6.000000000000005,-7.754733994589714,1.2623985572588037,stop_loss,,8.0830792231996,8.0830792231996
2024-07-16,2024-07-16,300433,370,363,True,True,True,78.1204,78.1204,True,,15.54550593378108,-1.3342490248449579,5.0,1.6616314059788584,0.6262983098269969,1.785867082586882,0.5905511610375003,0.28818660647103084,0.9690721570738687,0.8453608200891031,1.1204620328825516,6.792058459106953,closed,2024-07-18,-6.210000000000005,filled,2024-07-17,20.06,2024-07-18,18.856399999999997,1.0,-6.000000000000005,-8.723828514456633,1.8444666001994126,stop_loss,,5.9385652027931,5.9385652027931
2024-07-16,2024-07-16,300548,370,470,True,True,False,56.4369,56.4369,True,,3.4715025913248043,-1.3342490248449579,5.0,3.3783783802575296,0.6142456269758108,3.9394156757800647,1.1139240358447822,0.28818660647103084,0.8994413400918474,0.8100558643964998,2.4861111116419585,8.004326653743288,closed,2024-07-18,-6.210000000000005,filled,2024-07-17,19.68,2024-07-18,18.4992,1.0,-6.000000000000005,-8.23170731707319,2.388211382113825,stop_loss,,2.8032555370434,2.8032555370434
2024-07-16,2024-07-16,300701,370,618,True,True,False,54.002,54.002,True,,7.442977188943756,-1.3342490248449579,5.0,2.910360889293173,0.8802441225418012,3.5098400113266317,3.1105990700719177,0.28818660647103084,0.7444444455136711,0.6444444445824097,2.3290203257279813,8.484848499215047,closed,2024-07-18,-6.210000000000005,filled,2024-07-17,8.8,2024-07-18,8.272,1.0,-6.000000000000005,-11.363636363636376,0.2272727272727204,stop_loss,,3.5793741941913,3.5793741941913
2024-07-16,2024-07-16,300726,370,640,True,True,False,44.5875,44.5875,True,,0.585058504901026,-1.3342490248449579,12.0,0.8683729386853245,0.709211572682944,1.72938584020472,0.7664562492767146,0.28818660647103084,0.8674698728487216,0.6746987849725324,0.9164037900121316,3.905160380484496,closed,2024-07-22,-0.3893721973094131,filled,2024-07-17,22.3,2024-07-22,22.26,3.0,-0.17937219730941312,-5.067264573991038,2.107623318385632,hold_expired,,1.0664888480234,1.0664888480234
2024-07-16,2024-07-16,300976,370,874,True,True,False,61.3377,61.3377,True,,7.592634691901479,-1.3342490248449579,5.0,3.1705227008469894,0.7238446687967508,2.5984519539361903,0.959897609244198,0.28818660647103084,0.9815668196493369,0.774193547995124,1.0689655165759184,5.154410127450659,closed,2024-07-18,-6.210000000000005,filled,2024-07-17,46.66,2024-07-18,43.8604,1.0,-6.000000000000005,-8.336905272181728,0.45006429489926614,stop_loss,,1.8962229366604,1.8962229366604
2024-07-16,2024-07-16,301131,370,1016,True,True,False,47.4609,47.4609,True,,-1.970580069339789,-1.3342490248449579,8.0,2.2222222440945627,0.5974443082088572,2.1350069951810973,1.319563956246439,0.28818660647103084,0.9021276604390449,0.5829787231219463,1.1860129758094455,4.869358661518519,closed,2024-07-18,-6.210000000000005,filled,2024-07-17,34.82,2024-07-18,32.7308,1.0,-6.000000000000005,-6.346927053417584,0.51694428489375,stop_loss,,1.0262591845999,1.0262591845999
2024-07-16,2024-07-16,301353,370,1190,True,True,False,50.1949,50.1949,True,,4.472843450101194,-1.3342490248449579,3.0,1.2549019829599661,0.741606958108354,4.2683073229291715,2.4275646036334253,0.28818660647103084,0.5189873433546737,0.4177215204643623,2.207584821874146,5.144694545249817,closed,2024-07-18,-6.210000000000005,filled,2024-07-17,25.78,2024-07-18,24.2332,1.0,-6.000000000000005,-6.128782001551592,0.7757951900698279,stop_loss,,1.0125029195752,1.0125029195752
2024-07-16,2024-07-16,301387,370,1218,True,True,False,50.5069,50.5069,True,,2.0915428773494282,-1.3342490248449579,5.0,3.9396737394202797,0.6775897059435312,3.4461060400077685,2.557856256992408,0.28818660647103084,0.8780487807982464,0.8780487807982464,2.2215771647955513,9.138042766306409,closed,2024-07-18,-8.111746078721517,filled,2024-07-17,33.79,2024-07-18,31.12,1.0,-7.901746078721517,-11.512281740159814,0.5327019828351487,stop_loss,,1.4371886039997,1.4371886039997
2024-07-18,2024-07-18,301000,372,898,True,True,True,54.7968,54.7968,True,,5.059523813672073,0.503784736712598,6.0,4.209748890600185,0.7749374380756988,3.6321900791374864,1.001430607393461,0.21879699248120302,0.9620253162136316,0.8354430382006085,2.6554621859265413,8.95061728160007,closed,2024-07-24,-4.457660187185032,filled,2024-07-19,13.89,2024-07-24,13.3,3.0,-4.247660187185032,-5.471562275018005,3.6717062634989306,hold_expired,,4.9645299667784,4.9645299667784
2024-07-22,2024-07-22,300551,374,473,True,True,True,70.1834,70.1834,True,,18.147448009962417,1.0962635289245126,7.0,6.250000012580392,0.7579667190158093,2.1582431979677663,0.6441223616097336,0.3548872180451128,0.760563380573018,0.718309858280945,1.684745761678245,11.01243339462492,closed,2024-07-24,-6.210000000000005,filled,2024-07-23,6.2,2024-07-24,5.827999999999999,1.0,-6.000000000000005,-6.290322580645169,1.4516129032258185,stop_loss,,4.0855648868034,4.0855648868034
2024-07-25,2024-07-25,300551,377,473,True,True,True,38.8672,38.8672,True,,4.893964086047564,-1.587843843203962,3.0,6.399999982142013,0.8699356069948049,2.1630163476364506,0.15576324421049392,0.20060105184072127,0.6981132061094304,0.5188679250511153,2.473333332400512,10.671256456201705,closed,2024-07-31,8.810217729393454,filled,2024-07-26,6.43,2024-07-31,7.01,3.0,9.020217729393455,-2.021772939346811,17.573872472783837,hold_expired,,4.0855648868034,4.0855648868034
2024-07-25,2024-07-25,300963,377,862,True,True,False,37.284,37.284,True,,1.6969477047202863,-1.587843843203962,10.0,2.9288703149515816,0.8905520416652747,4.965996216270039,3.601108066496872,0.20060105184072127,0.5,0.5,4.954684303861538,9.516837517407751,closed,2024-07-31,6.311739130434789,filled,2024-07-26,7.36,2024-07-31,7.84,3.0,6.521739130434789,-0.6793478260869512,9.103260869565212,hold_expired,,2.803455359417,2.803455359417
2024-07-25,2024-07-25,301199,377,1069,True,True,False,35.7397,35.7397,True,,-7.846853658604525,-1.587843843203962,10.0,4.435146412222968,0.8616308485741183,3.481645738712263,0.9551494899733726,0.20060105184072127,0.6620689650931143,0.22758620397479604,1.116611664049386,7.757092216608452,closed,2024-07-31,7.106053511705678,filled,2024-07-26,23.92,2024-07-31,25.67,3.0,7.316053511705678,-0.8361204013378143,8.486622073578598,hold_expired,,1.0092804034706,1.0092804034706
2024-07-25,2024-07-25,301266,377,1121,True,True,True,37.7418,37.7418,True,,-1.2709237436144716,-1.587843843203962,11.0,2.6886945296680675,0.8596743598612924,2.0951064505878616,1.1111111048250244,0.20060105184072127,0.854477613539304,0.8171641772297823,1.4386503072783114,7.601351341576867,closed,2024-07-31,1.41575709276378,filled,2024-07-26,31.37,2024-07-31,31.88,3.0,1.6257570927637799,-3.729678036340456,1.9764105833598888,hold_expired,,1.010039805637,1.010039805637
2024-07-29,2024-07-29,300899,379,803,True,True,True,80.848,80.848,True,,17.12860311508162,-2.5139850318398937,8.0,1.4858841447760507,0.6416561976438012,1.7144982855664102,0.2371916202550839,0.3921863260706236,0.9748427646252136,0.8364779850142774,1.177154946632972,10.05208332662708,closed,2024-08-02,-5.803056894889104,filled,2024-07-30,20.74,2024-08-02,19.58,3.0,-5.593056894889104,-5.737704918032782,3.182256509161019,hold_expired,,1.0516961354718,1.0516961354718
2024-07-29,2024-07-29,301178,379,1050,True,True,True,48.1452,48.1452,True,,5.2949373042881165,-2.5139850318398937,5.0,2.4797114652070684,0.8394873325116514,1.710947895044973,0.9349955489085904,0.3921863260706236,0.895238094122069,0.6761904739584249,1.5999732464447338,5.984104718743843,closed,2024-08-02,-2.1287862561356516,filled,2024-07-30,22.41,2024-08-02,21.98,3.0,-1.9187862561356517,-2.632753235162877,5.488621151271755,hold_expired,,1.4222806648345,1.4222806648345
2024-07-31,2024-07-31,300034,381,27,True,True,True,49.8326,49.8326,True,,4.052287585279801,-0.615866309947366,3.0,1.4668367381362901,0.7876459425313256,1.5115355913933917,0.3783102143627204,0.8106686701728024,1.0,0.8124999998395096,1.186754966043834,5.151915455559974,closed,2024-08-06,-2.4126431718061734,filled,2024-08-01,15.89,2024-08-06,15.54,3.0,-2.2026431718061734,-5.097545626179989,3.7759597230962783,hold_expired,,6.0848703335566,6.0848703335566
2024-07-31,2024-07-31,300441,381,371,True,True,False,44.2447,44.2447,True,,-4.066265066128083,-0.615866309947366,10.0,1.130856219671994,0.7361184846760624,1.7428294507153395,1.5948963350396417,0.8106686701728024,0.965517242735941,0.8620689660259792,1.0049504941442606,5.289256194801428,closed,2024-08-06,-3.832047244094473,filled,2024-08-01,6.35,2024-08-06,6.12,3.0,-3.622047244094473,-5.826771653543295,1.4173228346456845,hold_expired,,7.0118432854212,7.0118432854212
2024-07-31,2024-07-31,300553,381,475,True,True,False,44.0303,44.0303,True,,2.9247910827185253,-0.615866309947366,3.0,2.221193899127216,0.8693460451755215,1.6185834155972358,1.4181152706936873,0.8106686701728024,0.9749999992197425,0.7416666627653751,1.3827160539646095,5.521180390426084,closed,2024-08-05,-6.210000000000005,filled,2024-08-01,22.6,2024-08-05,21.244,2.0,-6.000000000000005,-7.699115044247806,1.5486725663716783,stop_loss,,1.3350276206672,1.3350276206672
2024-07-31,2024-07-31,300809,381,715,True,True,False,43.7898,43.7898,True,,4.239401489198169,-0.615866309947366,9.0,3.725205601410164,0.8908607379807064,1.7392208774583964,0.7714561318574509,0.8106686701728024,0.9464285735470576,0.8839285688286145,1.2758340125221683,6.632653055721938,closed,2024-08-06,-4.129694072657753,filled,2024-08-01,20.92,2024-08-06,20.1,3.0,-3.9196940726577534,-5.210325047801168,1.8642447418737884,hold_expired,,1.6557367320584,1.6557367320584
2024-07-31,2024-07-31,301000,381,898,True,True,True,60.9383,60.9383,True,,10.408635304116709,-0.615866309947366,3.0,2.0100502501663398,0.863352875004558,2.080059023761114,2.3588277209224406,0.8106686701728024,0.9318181813499853,0.8068181804916239,1.5594936697202975,6.468401485652686,closed,2024-08-05,-6.210000000000005,filled,2024-08-01,14.4,2024-08-05,13.536000000000001,2.0,-6.000000000000005,-8.611111111111125,1.6666666666666607,stop_loss,,4.9645299667784,4.9645299667784
2024-07-31,2024-07-31,301236,381,1103,True,True,False,49.2148,49.2148,True,,3.143712579019886,-0.615866309947366,11.0,1.7393957918978464,0.8326521603138102,2.1211488191043686,0.29112082280049467,0.8106686701728024,0.9955156961211878,0.9506726475403624,1.5311427161062978,7.5218476886426355,closed,2024-08-05,-6.210000000000005,filled,2024-08-01,34.3,2024-08-05,32.242,2.0,-6.000000000000005,-9.096209912536446,0.9037900874635518,stop_loss,,2.2896105398118,2.2896105398118
2024-08-12,2024-08-12,301399,389,1229,True,True,True,65.6572,65.6572,True,,11.08299593691211,-4.325987192509628,6.0,4.247104260327383,0.5594584658505614,4.350354237732878,0.3657978894958669,0.34433608402100524,0.5822784803261529,0.5468354430122307,3.4627426402386856,10.802624927927628,closed,2024-08-16,1.4793477240732091,filled,2024-08-13,21.31,2024-08-16,21.67,3.0,1.689347724073209,-2.7686532144533094,5.959643359924893,hold_expired,,1.4937640292845,1.4937640292845
2024-08-13,2024-08-13,300432,390,362,True,True,True,48.1641,48.1641,True,,6.980519476020919,-4.684955448144135,9.0,2.4271844554083932,0.9118733127223311,6.987111302054784,4.272151899349086,0.43285821455363843,0.510000000368418,0.39000000085964237,5.035971222131729,9.65058236833869,closed,2024-08-19,-1.748461538461533,filled,2024-08-14,6.5,2024-08-19,6.4,3.0,-1.538461538461533,-3.5384615384615348,2.4615384615384706,hold_expired,,8.1429187023934,8.1429187023934
2024-08-13,2024-08-13,300722,390,636,True,True,True,50.7934,50.7934,True,,2.706621559017175,-4.684955448144135,12.0,4.050632905578578,0.5533145517736179,4.441449872106807,0.3305004757220287,0.43285821455363843,0.6527777778414068,0.6527777778414068,3.3893745793042833,13.758029975309682,closed,2024-08-19,1.9976092062000896,filled,2024-08-14,21.29,2024-08-19,21.76,3.0,2.2076092062000896,-3.6167214654767577,3.757632691404411,hold_expired,,3.6379578177514,3.6379578177514
2024-08-19,2024-08-19,301314,394,1163,True,True,True,63.4774,63.4774,True,,12.593856643183198,-4.493893895317836,6.0,1.372426708961605,0.7723971375730818,2.040774629119659,0.18220466130869362,0.4512743628185907,0.6658163255456274,0.4566326532310493,2.948952179561695,4.7301587204202855,closed,2024-08-23,-6.210000000000005,filled,2024-08-20,32.4,2024-08-23,30.455999999999996,3.0,-6.000000000000005,-7.314814814814796,3.5493827160493874,stop_loss,,1.3412024456522,1.3412024456522
2024-08-23,2024-08-23,300333,398,281,True,True,True,63.3123,63.3123,True,,13.228699554130419,-2.4081825762702236,6.0,6.995884769095417,0.6792837468401297,3.2953680287501665,0.39761433851277506,0.1647940074906367,0.6363636355381568,0.5252525237544321,4.9500000075982475,12.22222223849947,closed,2024-08-29,4.408473895582298,filled,2024-08-26,4.98,2024-08-29,5.21,3.0,4.618473895582298,-3.413654618473927,14.457831325301186,hold_expired,,3.3372347958454,3.3372347958454
2024-08-26,2024-08-26,300417,399,350,True,True,True,62.7409,62.7409,True,,12.583668020535455,-1.9617829961701694,9.0,3.4047919366946955,0.8708192541375821,3.778636706082741,2.3114355167464185,0.20449438202247192,0.6902654878208024,0.6725663719552009,3.0838206675748228,10.949868072240498,closed,2024-08-30,3.2588995215311103,filled,2024-08-27,8.36,2024-08-30,8.65,3.0,3.4688995215311103,-3.588516746411463,5.2631578947368585,hold_expired,,3.718582325483,3.718582325483
2024-08-29,2024-08-29,300827,402,733,True,True,True,72.6163,72.6163,True,,13.108149982103434,-4.140829013937775,12.0,2.5705329125449428,0.7891919266957699,3.6907349699779584,12.100737103238002,0.3181137724550898,0.9465776313488379,0.8898163633183939,3.592973431413422,22.237106494443992,closed,2024-09-04,-6.210000000000016,filled,2024-08-30,35.98,2024-09-04,33.82119999999999,3.0,-6.000000000000016,-6.614785992217886,3.251806559199566,stop_loss,,4.6769082973332,4.6769082973332
2024-08-29,2024-08-29,300925,402,827,True,True,True,54.1606,54.1606,True,,6.540084391680656,-4.140829013937775,4.0,3.8054968314231385,0.6171447815601483,5.307336842365384,0.4975124391630281,0.3181137724550898,0.5151515141482881,0.48484848378255574,4.485436901764095,14.512471629347434,closed,2024-09-04,2.8653968253968367,filled,2024-08-30,10.08,2024-09-04,10.39,3.0,3.0753968253968367,0.0,11.111111111111116,hold_expired,,2.9290231922465,2.9290231922465
2024-08-30,2024-08-30,300094,403,76,True,True,True,64.0316,64.0316,True,,10.902255648470828,-1.8603045982853117,9.0,6.343283582259485,0.6752656996507432,6.45961703981936,1.374570449281931,0.5179640718562875,0.8500000002034365,0.7750000003051551,2.745098038558684,21.900826438708233,closed,2024-09-05,-2.6237931034482695,filled,2024-09-02,2.9,2024-09-05,2.83,3.0,-2.4137931034482696,-4.482758620689653,0.6896551724137945,hold_expired,,2.4577718704829,2.4577718704829
2024-08-30,2024-08-30,300465,403,393,True,True,True,61.0251,61.0251,True,,13.245997080720562,-1.8603045982853117,9.0,2.868318131663039,0.7988257495245726,2.135821350459618,0.7772020641204413,0.5179640718562875,0.6060606050652223,0.5757575750465864,1.626760562681432,5.850340114097374,closed,2024-09-05,-0.5965979381443063,filled,2024-09-02,7.76,2024-09-05,7.73,3.0,-0.3865979381443063,-5.41237113402061,5.283505154639179,hold_expired,,3.2288660349854,3.2288660349854
2024-09-10,2024-09-10,300973,410,872,True,True,True,62.9984,62.9984,True,,10.318866285267458,-4.157731998956327,7.0,2.2736500120206893,0.6725760793285914,1.612439211671359,0.44354838750590986,0.3902621722846442,0.8943089469275681,0.7073170783522176,1.3359193111109078,5.283178361294327,closed,2024-09-18,-2.378674698795181,filled,2024-09-11,24.9,2024-09-18,24.36,3.0,-2.168674698795181,-5.783132530120472,3.694779116465874,hold_expired,,1.0332862716067,1.0332862716067
2024-09-18,2024-09-18,300260,414,221,True,True,True,44.9134,44.9134,True,,5.529685680952268,-5.539462991604315,11.0,4.61265523592459,0.908483230539193,6.122305283131015,4.016064258091934,0.17664670658682635,0.6513761472822207,0.5229357807058208,3.1496388033052676,12.399256046418717,closed,2024-09-24,1.9627019498607226,filled,2024-09-19,17.95,2024-09-24,18.34,3.0,2.1727019498607225,-4.456824512534818,2.506963788300842,hold_expired,,5.6313444840676,5.6313444840676
2024-09-18,2024-09-18,301021,414,918,True,True,True,34.7177,34.7177,True,,1.660939286846963,-5.539462991604315,12.0,4.588235331221535,0.895558247680984,4.7547947441442915,2.070155247913541,0.17664670658682635,0.5072463769503665,0.40096618327420713,2.5465729379520075,9.50030844719807,closed,2024-09-24,-0.6102287021154793,filled,2024-09-19,17.49,2024-09-24,17.42,3.0,-0.40022870211547934,-5.6032018296169,2.8587764436821095,hold_expired,,1.0090433120676,1.0090433120676
2024-09-19,2024-09-19,300311,415,263,True,True,False,46.1083,46.1083,True,,3.215434115815996,-4.1007854585302095,12.0,3.5256410214477563,0.7738778243371798,2.036440041525854,0.943396248615902,0.3425579655946148,0.9000000040818833,0.8000000081637665,1.4973261984149013,8.813559344860877,closed,2024-09-25,27.034582043343654,filled,2024-09-20,3.23,2024-09-25,4.11,3.0,27.244582043343655,-0.9287925696594312,37.15170278637772,hold_expired,,7.349549827831699,7.349549827831699
2024-09-19,2024-09-19,300436,415,366,True,True,False,59.0933,59.0933,True,,9.67007962602029,-4.1007854585302095,7.0,3.8008565424031415,0.643389968729839,3.212909572869128,0.20790020710050872,0.3425579655946148,0.4878048780907098,0.44599303154457187,3.2907452900920133,8.926553665355597,closed,2024-09-23,-6.209999999999995,filled,2024-09-20,19.24,2024-09-23,18.0856,1.0,-5.999999999999995,-6.444906444906451,0.8316008316008316,stop_loss,,2.0268310079322,2.0268310079322
2024-09-19,2024-09-19,300583,415,503,True,True,True,77.1193,77.1193,True,,14.35406698473538,-4.1007854585302095,8.0,2.664692829383841,0.7090711893699893,2.869399428026692,3.463203460035591,0.3425579655946148,0.9666666686553869,0.9666666686553869,2.0216606423445302,9.71690894341588,closed,2024-09-25,6.852937062937058,filled,2024-09-20,14.3,2024-09-25,15.31,3.0,7.062937062937058,-1.2587412587412583,9.720279720279713,hold_expired,,1.6761203554779,1.6761203554779
2024-09-19,2024-09-19,300598,415,517,True,True,False,62.5455,62.5455,True,,10.396361269427224,-4.1007854585302095,10.0,4.6511627966544395,0.7706508322311123,5.390599648458626,5.52795031326665,0.3425579655946148,0.8424543948211654,0.7661691546030717,4.5362708195228025,19.479606178044605,closed,2024-09-25,2.1833102652825778,filled,2024-09-20,34.68,2024-09-25,35.51,3.0,2.3933102652825777,-4.469434832756614,8.131487889273359,hold_expired,,2.5575458134809,2.5575458134809
2024-09-19,2024-09-19,301153,415,1029,True,True,True,62.8292,62.8292,True,,15.437392798174843,-4.1007854585302095,8.0,8.244274812515373,0.8297943311030788,2.352897796857922,1.0510510410488783,0.3425579655946148,0.872509960112416,0.7928286848880862,2.3536503683059227,13.746478863175927,closed,2024-09-25,13.81266288951839,filled,2024-09-20,21.18,2024-09-25,24.15,3.0,14.02266288951839,-3.021718602455159,18.035882908404144,hold_expired,,3.3810269367995,3.3810269367995
2024-09-23,2024-09-23,301382,417,1215,True,True,True,55.1771,55.1771,True,,9.803921562747387,-3.029516446049896,12.0,2.6024096231025196,0.8565150051158683,1.6014907669102465,3.416435821192243,0.32535527299925204,0.8580441648749364,0.7097791804499513,1.9628482965434761,15.463917538776982,closed,2024-09-27,17.00915285451199,filled,2024-09-24,21.72,2024-09-27,25.46,3.0,17.21915285451199,-2.6243093922651894,19.060773480662995,hold_expired,,1.3076947856229,1.3076947856229
2024-09-24,2024-09-24,300121,418,98,True,True,False,61.139,61.139,True,,9.05109489137994,0.7429089583375292,6.0,4.275862058765867,0.6766964397419608,2.8270108740765334,0.9459459456977459,0.681376215407629,0.7808219165896338,0.7397260271138671,2.593908631797838,9.21052631317487,closed,2024-09-30,22.217440633245374,filled,2024-09-25,7.58,2024-09-30,9.28,3.0,22.427440633245375,-2.902374670184693,25.197889182058052,hold_expired,,6.621662144935,6.621662144935
2024-09-24,2024-09-24,300182,418,152,True,True,False,50.7581,50.7581,True,,1.9656019485840392,0.7429089583375292,11.0,0.7444168967918885,0.8040010427512925,2.4127085630094975,1.7156862495945058,0.681376215407629,1.0,0.7222222122214998,1.183098584950127,4.797979787441853,closed,2024-09-30,30.504285714285693,filled,2024-09-25,4.2,2024-09-30,5.49,3.0,30.714285714285694,-0.23809523809523725,32.619047619047635,hold_expired,,30.8619690208474,30.8619690208474
2024-09-24,2024-09-24,300196,418,165,True,True,False,56.5181,56.5181,True,,4.463336874917645,0.7429089583375292,3.0,1.952723515237731,0.6825672704109531,2.631938171233564,0.5112474517681376,0.681376215407629,0.8918918959157299,0.6486486542820208,1.6187499975523147,3.2563025375409005,closed,2024-09-30,20.378235294117662,filled,2024-09-25,9.86,2024-09-30,11.89,3.0,20.588235294117663,-1.2170385395537497,22.10953346855984,hold_expired,,3.6306631431644,3.6306631431644
2024-09-24,2024-09-24,300308,418,261,True,True,True,93.4382,93.4382,True,,22.87266143620119,0.7429089583375292,5.0,1.0269926441006771,0.6427533540347143,2.855318541770707,4.678663231621205,0.681376215407629,0.9992331283646837,0.9992331283646837,2.555788884033286,13.647781183051366,closed,2024-09-30,22.99789243376562,filled,2024-09-25,125.69,2024-09-30,154.86,3.0,23.207892433765622,-3.2460816294056727,23.717081708966514,hold_expired,,6.5611659809951,6.5611659809951
2024-09-24,2024-09-24,300374,418,312,True,True,False,55.3141,55.3141,True,,4.496124004277524,0.7429089583375292,9.0,2.1969697184172077,0.7363863117112559,3.0705088680134924,1.966717069443602,0.681376215407629,0.835443034273108,0.5189873428608521,1.494594596725444,5.312499982305807,closed,2024-09-30,25.364499629355095,filled,2024-09-25,13.49,2024-09-30,16.94,3.0,25.574499629355095,-0.5189028910304039,28.76204595997034,hold_expired,,2.207644874819,2.207644874819
2024-09-24,2024-09-24,300376,418,314,True,True,False,45.9393,45.9393,True,,3.3755274175712557,0.7429089583375292,8.0,0.836820077219036,0.9639347473468374,1.8723117406276395,0.8230452610956673,0.681376215407629,1.0,0.8750000006554896,0.9655172384112918,3.813559309982395,closed,2024-09-30,33.393238866396736,filled,2024-09-25,2.47,2024-09-30,3.3,3.0,33.60323886639674,-0.809716599190291,33.60323886639674,hold_expired,,23.8371661847551,23.8371661847551
2024-09-24,2024-09-24,300390,418,326,True,True,False,61.3494,61.3494,True,,4.411764708911048,0.7429089583375292,7.0,1.6099071103907292,0.6322797825380532,4.212001449700568,0.7092198586256426,0.681376215407629,0.9454545408248776,0.9454545408248776,1.941992460110464,8.053265693680611,closed,2024-09-30,42.86246376811593,filled,2024-09-25,17.25,2024-09-30,24.68,3.0,43.07246376811593,-1.7391304347826098,43.07246376811593,hold_expired,,8.925545828053298,8.925545828053298
2024-09-24,2024-09-24,300502,418,427,True,True,True,84.9074,84.9074,True,,18.835345900036614,0.7429089583375292,5.0,2.6670754136832953,0.6552916749496294,2.4416290419594797,0.3813155377634381,0.681376215407629,0.9343955012983213,0.9343955012983213,2.256495469050045,11.310782244380846,closed,2024-09-30,20.232961727365392,filled,2024-09-25,107.91,2024-09-30,129.97,3.0,20.442961727365393,-3.669724770642202,20.47076267259753,hold_expired,,8.498440268563101,8.498440268563101
2024-09-24,2024-09-24,300767,418,675,True,True,False,47.7955,47.7955,True,,0.46893317476994767,0.7429089583375292,3.0,2.6699029396541007,0.6776077815708215,2.7127248500999332,0.35128807377793336,0.681376215407629,0.8813559353105686,0.7966101700564652,1.8730158636017464,7.663316609968618,closed,2024-09-30,34.20108545034641,filled,2024-09-25,8.66,2024-09-30,11.64,3.0,34.41108545034641,-0.6928406466512826,34.526558891454975,hold_expired,,3.0510095142659,3.0510095142659
2024-09-24,2024-09-24,300783,418,691,True,True,False,55.4138,55.4138,True,,6.508875700120842,0.7429089583375292,3.0,2.623906750808336,0.7934628020777709,2.2191494993849363,3.8661280607904525,0.681376215407629,0.9519999974682904,0.8320000027169567,2.15517240596729,8.564535564194076,closed,2024-09-30,39.21731277533038,filled,2024-09-25,18.16,2024-09-30,25.32,3.0,39.42731277533038,-1.4317180616740255,40.69383259911894,hold_expired,,1.0364541152054,1.0364541152054
2024-09-24,2024-09-24,300900,418,804,True,True,False,46.6272,46.6272,True,,0.3893575813396666,0.7429089583375292,11.0,1.3368983900523768,0.8390735643490276,2.6051989251904604,2.1122112120312453,0.681376215407629,1.0,0.7945205470192467,1.1911421924291519,5.238095252709707,closed,2024-09-30,27.12118971061095,filled,2024-09-25,15.55,2024-09-30,19.8,3.0,27.33118971061095,-1.414790996784565,28.360128617363344,hold_expired,,1.4186012557894,1.4186012557894
2024-09-24,2024-09-24,300997,418,895,True,True,False,37.7815,37.7815,True,,-12.393162366924916,0.7429089583375292,3.0,4.3086171951818635,0.8014105689690815,1.657353873699131,0.5888125946498901,0.681376215407629,1.0,0.8870967690300268,0.9920000109955204,7.442348032375468,closed,2024-09-30,26.01950819672132,filled,2024-09-25,10.37,2024-09-30,13.09,3.0,26.22950819672132,-2.8929604628736616,28.061716489874634,hold_expired,,1.0580099401273,1.0580099401273
2024-09-24,2024-09-24,301321,418,1170,True,True,False,71.7511,71.7511,True,,10.889443091862084,0.7429089583375292,3.0,0.15612805334214164,0.5284903254635064,2.1011067193675887,0.30075188470009007,0.681376215407629,0.7777777798152692,0.59259259734674,1.6016949116450956,6.80544440541857,closed,2024-09-30,30.405270570793185,filled,2024-09-25,13.49,2024-09-30,17.62,3.0,30.615270570793186,-1.779095626389915,30.615270570793186,hold_expired,,1.5148132245599,1.5148132245599
2024-10-18,2024-10-18,300217,431,180,True,True,False,84.8058,84.8058,True,,19.506726445650457,23.197546867202522,9.0,3.6960985667972235,0.7610056891947073,3.0606548349003044,5.335968370699362,0.9970082273747195,0.9583333332899864,0.874999999869959,1.8162162160425903,14.132762313973313,closed,2024-10-24,-3.050909090909105,filled,2024-10-21,5.28,2024-10-24,5.13,3.0,-2.840909090909105,-4.734848484848497,4.924242424242409,hold_expired,,13.3504833173196,13.3504833173196
2024-10-18,2024-10-18,300327,431,276,True,True,True,86.5234,86.5234,True,,29.137760153368177,23.197546867202522,9.0,0.8793969814168467,0.6240668450577067,2.505876638371741,0.4238920895974996,0.9970082273747195,0.7017543857170568,0.7017543857170568,1.7442622932290597,12.473025457367925,closed,2024-10-24,-3.4720922384701822,filled,2024-10-21,26.67,2024-10-24,25.8,3.0,-3.2620922384701823,-4.386951631046121,6.824146981627299,hold_expired,,3.1044954410868,3.1044954410868
2024-10-18,2024-10-18,300660,431,577,True,True,False,60.4301,60.4301,True,,11.740147971705861,23.197546867202522,9.0,0.9537784387702031,0.8425582893167554,1.8897486182920307,0.17427671851490967,0.9970082273747195,0.7104247098913317,0.6640926634739445,1.4018843032603885,7.721139431442947,closed,2024-10-24,0.6175862068965579,filled,2024-10-21,29.0,2024-10-24,29.24,3.0,0.8275862068965578,-1.3793103448275668,4.75862068965518,hold_expired,,3.493616659771,3.493616659771
2024-10-18,2024-10-18,300666,431,583,True,True,False,83.7455,83.7455,True,,28.468151623378347,23.197546867202522,9.0,2.451298702261917,0.6461104779316474,2.5702257574305545,0.38167939746480695,0.9970082273747195,0.6977329982499436,0.6259445853032861,1.6901322781308152,10.448513355219946,closed,2024-10-24,4.0789390519187165,filled,2024-10-21,66.45,2024-10-24,69.3,3.0,4.2889390519187165,-3.9879608728367377,8.051166290443934,hold_expired,,1.0150591783504,1.0150591783504
2024-10-18,2024-10-18,300724,431,638,True,True,False,77.3172,77.3172,True,,21.317555639939556,23.197546867202522,9.0,4.185303521034989,0.8430871005700464,3.1570171731530214,0.014560280226705302,0.9970082273747195,0.6943866943280892,0.6912681920719135,1.8089993272321918,15.05862647809626,closed,2024-10-24,2.5899999999999803,filled,2024-10-21,70.0,2024-10-24,71.96,3.0,2.7999999999999803,-1.4285714285714346,16.200000000000014,hold_expired,,1.0325359525091,1.0325359525091
2024-10-18,2024-10-18,301015,431,912,True,True,False,54.9404,54.9404,True,,6.030534331952531,23.197546867202522,4.0,0.5303030177099433,0.6710454244091074,2.1499137273785163,1.4238773296256113,0.9970082273747195,0.6528301889019599,0.4981132064729001,1.1198309672592637,7.300115860031631,closed,2024-10-24,2.5054236060825454,filled,2024-10-21,27.62,2024-10-24,28.37,3.0,2.7154236060825454,-1.8102824040550303,6.408399710354806,hold_expired,,1.0869473830522,1.0869473830522
2024-10-18,2024-10-18,301095,431,984,True,True,True,85.983,85.983,True,,23.282718723568287,23.197546867202522,9.0,1.8774277055177535,0.6535952023669624,2.4768813559322034,3.2082324450142474,0.9970082273747195,0.8011283503480396,0.7743300431554703,1.7658779557598017,14.174107159208926,closed,2024-10-24,-3.3760231660231685,filled,2024-10-21,51.8,2024-10-24,50.16,3.0,-3.1660231660231686,-3.976833976833971,5.945945945945974,hold_expired,,1.0131427485265,1.0131427485265
2024-10-18,2024-10-18,301265,431,1120,True,True,False,75.6949,75.6949,True,,14.880952375936097,23.197546867202522,9.0,1.2304250572200748,0.7209380901525404,4.084595905403665,4.0992448814929805,0.9970082273747195,0.7203389835451278,0.7203389835451278,2.343262411181352,9.908883828409776,closed,2024-10-24,-1.7644041450777146,filled,2024-10-21,9.65,2024-10-24,9.5,3.0,-1.5544041450777146,-2.5906735751295207,1.4507772020725174,hold_expired,,1.017094017094,1.017094017094
2024-10-18,2024-10-18,301308,431,1157,True,True,False,76.0204,76.0204,True,,23.336432452500677,23.197546867202522,4.0,3.5747126409088725,0.7653180062342759,2.213667412974345,1.7197940653690624,0.9970082273747195,0.663683817604586,0.6085011184590606,1.7228595029310303,11.196263921240668,closed,2024-10-24,-1.146170212765952,filled,2024-10-21,94.0,2024-10-24,93.12,3.0,-0.9361702127659521,-4.191489361702128,4.521276595744683,hold_expired,,1.0085531004989,1.0085531004989
2024-10-18,2024-10-18,301348,431,1188,True,True,False,85.2696,85.2696,True,,21.070375070767987,23.197546867202522,9.0,1.7021276766378324,0.7337537514925649,3.139683210137276,4.510731177115113,0.9970082273747195,0.7417721535058359,0.7316455708983417,1.7679028138868478,15.800080650698334,closed,2024-10-24,6.752244544509866,filled,2024-10-21,28.87,2024-10-24,30.88,3.0,6.962244544509866,-1.004502944232788,9.075164530654645,hold_expired,,1.0129689671144,1.0129689671144
2024-10-24,2024-10-24,301539,435,1274,True,True,True,51.668,51.668,True,,4.609218467443443,22.928308692392708,4.0,0.5453644215199449,0.8220437101455245,1.5857832382623958,0.9183180470539787,0.9917602996254682,1.0,0.8888888864400596,0.5657835670507063,5.721518999724262,closed,2024-10-29,-6.210000000000005,filled,2024-10-25,21.11,2024-10-29,19.843399999999995,2.0,-6.000000000000005,-6.347702510658449,0.8053055423969724,stop_loss,,1.0082918739635,1.0082918739635
2024-10-25,2024-10-25,300201,436,169,True,True,False,71.0145,71.0145,True,,11.948051956665683,23.597600787241667,9.0,1.463414635137028,0.6895481291284373,4.544451033487421,4.611650488543684,0.9932533733133433,0.7499999999999994,0.7499999999999994,1.1666666669477601,7.213930353239539,closed,2024-10-31,3.9184403669724857,filled,2024-10-28,4.36,2024-10-31,4.54,3.0,4.128440366972486,-1.3761467889908396,5.9633027522935755,hold_expired,,10.8084949924705,10.8084949924705
2024-10-25,2024-10-25,300275,436,234,True,True,False,72.9073,72.9073,True,,12.489451487189939,23.597600787241667,4.0,2.7027027013189375,0.6504637477738212,4.770602030887453,2.617397996780868,0.9932533733133433,0.8248175185455848,0.7372262778183772,1.4030724218512276,10.165289261843991,closed,2024-10-31,11.345555555555563,filled,2024-10-28,13.5,2024-10-31,15.06,3.0,11.555555555555564,-2.592592592592591,15.92592592592592,hold_expired,,4.6577645909187,4.6577645909187
2024-10-25,2024-10-25,300347,436,292,True,True,False,60.2115,60.2115,True,,12.757854637561849,23.597600787241667,5.0,1.7375938650993072,0.8961299962652102,1.8816272965879266,2.391930826148414,0.9932533733133433,0.7388963658352852,0.6541049794882575,1.3600941407643745,8.389261743523925,closed,2024-10-30,-6.210000000000005,filled,2024-10-28,71.12,2024-10-30,66.8528,2.0,-6.000000000000005,-11.164229471316101,2.910573678290196,stop_loss,,12.7740339662577,12.7740339662577
2024-10-25,2024-10-25,300389,436,325,True,True,False,76.9818,76.9818,True,,15.42649728277745,23.597600787241667,4.0,2.032176108887107,0.5921061661007878,5.014467467801063,4.519309774833302,0.9932533733133433,0.5970149252132199,0.3880597008528793,1.5764705880122476,11.481156871690402,closed,2024-10-30,-6.292148499210094,filled,2024-10-28,12.66,2024-10-30,11.89,2.0,-6.082148499210094,-6.477093206951034,0.9478672985782088,stop_loss,,4.875630239852,4.875630239852
2024-10-25,2024-10-25,300497,436,422,True,True,False,76.2588,76.2588,True,,34.78735006174081,23.597600787241667,3.0,1.861702126582876,0.8699388471003826,2.65081391985768,7.7593722813030785,0.9932533733133433,0.594771241551377,0.594771241551377,1.9669421505624767,12.876712321095397,closed,2024-10-29,-6.393017312448468,filled,2024-10-28,12.13,2024-10-29,11.38,1.0,-6.183017312448468,-8.491343775762584,1.8961253091508423,stop_loss,,6.1313786699512,6.1313786699512
2024-10-25,2024-10-25,300591,436,511,True,True,False,76.8563,76.8563,True,,31.34020618537241,23.597600787241667,3.0,3.5947712326230397,0.7758227843524599,1.510432602929709,1.5948963353092482,0.9932533733133433,0.8985507248780501,0.7391304349268304,1.2914438506739987,9.638554222879403,closed,2024-10-29,-6.7827699530516385,filled,2024-10-28,6.39,2024-10-29,5.97,1.0,-6.572769953051639,-7.981220657276989,8.137715179968708,stop_loss,,1.3107394170462,1.3107394170462
2024-10-25,2024-10-25,300622,436,541,True,True,True,86.8366,86.8366,True,,20.58510495315977,23.597600787241667,5.0,2.6267110571773333,0.6205792235125752,2.4628724382757516,0.7537688382374119,0.9932533733133433,0.853982300086863,0.7654867255448523,0.9007271960392877,8.336549596120513,closed,2024-10-31,9.362953736654788,filled,2024-10-28,28.1,2024-10-31,30.79,3.0,9.572953736654789,-2.313167259786486,13.523131672597867,hold_expired,,2.3059910182646,2.3059910182646
2024-10-25,2024-10-25,300675,436,592,True,True,False,62.3647,62.3647,True,,13.290689362823581,23.597600787241667,11.0,3.5809018517478197,0.6084626783232521,5.487407915024842,3.6410922851964234,0.9932533733133433,0.22043010688420966,0.22043010688420966,1.3272171228720206,10.311418662435635,closed,2024-10-30,-6.210000000000005,filled,2024-10-28,16.11,2024-10-30,15.143399999999998,2.0,-6.000000000000005,-7.0142768466790795,4.283054003724396,stop_loss,,1.0344572974818,1.0344572974818
2024-10-25,2024-10-25,300901,436,805,True,True,False,79.3855,79.3855,True,,19.221105530358827,23.597600787241667,4.0,3.2150776023149974,0.7992030883608503,2.2410794664047793,3.1521739207691857,0.9932533733133433,0.9268292688655798,0.91463414740132,1.2769744153004647,9.965237550448581,closed,2024-10-31,15.085358649789015,filled,2024-10-28,9.48,2024-10-31,10.93,3.0,15.295358649789016,-1.4767932489451518,19.620253164556935,hold_expired,,1.0383803423321,1.0383803423321
2024-10-25,2024-10-25,301209,436,1078,True,True,True,83.3084,83.3084,True,,18.59594234721125,23.597600787241667,4.0,3.7174720997803945,0.7241398555846891,2.9935870791520696,2.2867513514487348,0.9932533733133433,0.9224489802805245,0.9224489802805245,1.2268281360764366,9.820732655172403,closed,2024-10-29,-6.210000000000005,filled,2024-10-28,28.48,2024-10-29,26.771199999999997,1.0,-6.000000000000005,-6.60112359550562,0.3511235955056202,stop_loss,,1.0160031152615,1.0160031152615
2024-10-25,2024-10-25,301269,436,1124,True,True,False,79.4918,79.4918,True,,17.99410025195254,23.597600787241667,5.0,2.627388575232237,0.5615173123856889,2.065764526562326,0.9218825516580376,0.9932533733133433,0.6980703674393771,0.5618615154768397,1.1527102854693843,6.885919807028573,closed,2024-10-30,-6.210000000000005,filled,2024-10-28,104.0,2024-10-30,97.76,2.0,-6.000000000000005,-6.730769230769229,0.8653846153846123,stop_loss,,1.0032708743561,1.0032708743561
2024-10-31,2024-10-31,300572,440,493,True,True,False,78.6354,78.6354,True,,26.053904622993063,9.751446977987888,7.0,2.8372900910529575,0.812442230134341,1.986249407302039,0.8849557560323795,0.714178544636159,0.8666666672531476,0.7370370382286179,2.195121949268231,13.36233684828223,closed,2024-11-04,-7.546956521739124,filled,2024-11-01,18.4,2024-11-04,17.05,1.0,-7.336956521739124,-8.532608695652177,3.043478260869592,stop_loss,,2.9470609872928,2.9470609872928
2024-10-31,2024-10-31,300803,440,709,True,True,False,72.1986,72.1986,True,,25.84324785143075,9.751446977987888,7.0,3.6187563679889623,0.7784940836325756,2.176277056277056,0.09756091165773473,0.714178544636159,0.5050088358324181,0.4714201502799108,1.5851347777443987,10.966904570106028,closed,2024-11-04,-8.02602432087869,filled,2024-11-01,101.97,2024-11-04,94.0,1.0,-7.8160243208786895,-7.9631264097283605,3.4618024909286893,stop_loss,,1.0031316572165,1.0031316572165
2024-10-31,2024-10-31,300901,440,805,True,True,True,79.3026,79.3026,True,,35.776397491631265,9.751446977987888,4.0,3.571428525803577,0.8667212753423752,4.094960741408161,9.519038022585935,0.714178544636159,0.7830687830283434,0.7830687830283434,4.19334388923793,17.023554591037527,closed,2024-11-06,7.752962962962972,filled,2024-11-01,10.8,2024-11-06,11.66,3.0,7.962962962962972,-5.648148148148158,15.18518518518519,hold_expired,,1.0383803423321,1.0383803423321
2024-10-31,2024-10-31,301191,440,1062,True,True,True,79.3106,79.3106,True,,20.769741173594515,9.751446977987888,9.0,4.070407098541162,0.9053194987680626,3.0655852084423514,8.527131793373211,0.714178544636159,0.8787878786497821,0.7824242445233102,3.5181236565603013,18.93870077621529,closed,2024-11-04,-6.210000000000005,filled,2024-11-01,90.87,2024-11-04,85.4178,1.0,-6.000000000000005,-7.560250907890409,0.14306151645206988,stop_loss,,1.3299008517845,1.3299008517845
2024-11-01,2024-11-01,300937,441,838,True,True,True,52.1359,52.1359,True,,6.602186736545068,5.031070406905558,9.0,1.9157087965859798,0.8724559479646867,5.3034750337381915,2.8814935071234116,0.3110944527736132,0.648936170035201,0.5063829797887931,3.8911886371298965,11.232996943940199,closed,2024-11-07,12.087350731514434,filled,2024-11-04,25.29,2024-11-07,28.4,3.0,12.297350731514435,-3.5982601818900672,19.098457888493492,hold_expired,,1.0197818307329,1.0197818307329
2024-11-01,2024-11-01,301055,441,948,True,True,True,74.9282,74.9282,True,,24.184100385589336,5.031070406905558,4.0,3.438395418978024,0.8473985387588752,2.9342251400646644,2.486187881322932,0.3110944527736132,0.5418326690666982,0.5418326690666982,4.163507132033303,10.746268668129444,closed,2024-11-05,-6.210000000000005,filled,2024-11-04,14.9,2024-11-05,14.006,1.0,-6.000000000000005,-7.046979865771819,0.6711409395973256,stop_loss,,1.0540066239526,1.0540066239526
2024-11-05,2024-11-05,300457,443,387,True,True,True,67.6312,67.6312,True,,16.37534501920477,-4.969883198123348,3.0,4.214559417939756,0.8602838602306452,1.9294004789138761,3.688524591887643,0.8232209737827715,0.8681948425613438,0.8309455581915991,2.042642137019757,13.148479382323885,closed,2024-11-11,6.53509803921568,filled,2024-11-06,25.5,2024-11-11,27.22,3.0,6.74509803921568,-4.156862745098033,7.803921568627459,hold_expired,,5.8466406642243,5.8466406642243
2024-11-08,2024-11-08,301050,446,944,True,True,True,45.9466,45.9466,True,,6.322320943031223,5.579384677838628,6.0,2.962716390576603,0.8967608160601659,2.100909993692633,2.95550501990951,0.9333333333333333,0.7072135760087567,0.7072135760087567,1.7763819112415946,11.403971144799051,closed,2024-11-13,-6.210000000000005,filled,2024-11-11,63.53,2024-11-13,59.718199999999996,2.0,-6.000000000000005,-7.004564772548405,2.927750668975304,stop_loss,,2.5529885286756,2.5529885286756
2024-11-08,2024-11-08,301391,446,1222,True,True,True,57.049,57.049,True,,10.523640077741359,5.579384677838628,7.0,1.8575123434533158,0.7228339920251015,2.211632594298877,0.3461804867867846,0.9333333333333333,0.47074468130407243,0.3829787242804029,1.6043889050571336,6.048780488943661,closed,2024-11-14,5.424774609015647,filled,2024-11-11,43.48,2024-11-14,45.93,3.0,5.634774609015647,-0.6439742410303428,10.119595216191367,hold_expired,,1.4208888867357,1.4208888867357
2024-11-11,2024-11-11,300969,447,868,True,True,True,70.9389,70.9389,True,,18.230563007170876,4.286148482004326,3.0,2.4521531021091225,0.8682894811361619,1.7226208147781625,0.22727273143943183,0.9730134932533733,0.7795801529646481,0.753816794195875,2.029322268857051,8.875447473890441,closed,2024-11-13,-6.924522363335174,filled,2024-11-12,90.55,2024-11-13,84.47,1.0,-6.714522363335174,-9.817780231916073,0.4969630038652806,stop_loss,,1.0165204813675,1.0165204813675
2024-11-11,2024-11-11,301132,447,1017,True,True,False,69.99,69.99,True,,14.078173660297178,4.286148482004326,5.0,1.1392405171905762,0.7189920398497537,1.5789800995024876,1.0107197520701439,0.9730134932533733,0.8608695663523499,0.8608695663523499,1.3915298202026076,6.904376034659032,closed,2024-11-13,-6.210000000000005,filled,2024-11-12,33.5,2024-11-13,31.489999999999995,1.0,-6.000000000000005,-7.761194029850749,1.0746268656716573,stop_loss,,1.0326558513124,1.0326558513124
2024-11-11,2024-11-11,301413,447,1231,True,True,True,75.2175,75.2175,True,,16.414926686033592,4.286148482004326,5.0,1.9309778203508876,0.819314683040993,2.2853311623006562,5.771947527796506,0.9730134932533733,0.921847245841129,0.921847245841129,2.1731458533651224,11.250265337553778,closed,2024-11-13,-6.210000000000005,filled,2024-11-12,52.0,2024-11-13,48.879999999999995,1.0,-6.000000000000005,-8.442307692307693,1.846153846153853,stop_loss,,1.3063725490196,1.3063725490196
2024-11-11,2024-11-11,301550,447,1276,True,True,False,66.6007,66.6007,True,,13.39626431290204,4.286148482004326,5.0,3.1045446072618943,0.7549248873102348,1.6915122582824542,0.6417112292689486,0.9730134932533733,0.9327586198767278,0.9206896546500273,1.8308906420920488,10.619122258993619,closed,2024-11-15,6.620649442576542,filled,2024-11-12,56.51,2024-11-15,60.37,3.0,6.830649442576542,-4.264731905857366,13.696690851176797,hold_expired,,1.0129131677876,1.0129131677876
2024-11-13,2024-11-13,300876,449,780,True,True,True,47.0402,47.0402,True,,5.3412462891066825,7.2894300510832455,7.0,2.355910833013919,0.9421207291533232,1.6310349517203862,2.1372790677685938,0.9454001495886313,1.0,0.5257142853058347,1.1045987384284028,9.713024251238478,closed,2024-11-18,-6.210000000000005,filled,2024-11-14,24.85,2024-11-18,23.358999999999998,2.0,-6.000000000000005,-7.323943661971821,4.1448692152917355,stop_loss,,1.0392677941074,1.0392677941074
2024-11-19,2024-11-19,300833,453,738,True,True,True,65.4007,65.4007,True,,12.654004110650096,0.482973265793718,8.0,4.058401381182786,0.7381421343806163,5.030258631672824,2.955665027656851,0.3727544910179641,0.666230366725034,0.6531413611304863,5.122605363023535,13.91123800422518,closed,2024-11-25,14.99737327188939,filled,2024-11-20,43.4,2024-11-25,50.0,3.0,15.207373271889391,-0.8986175115207495,19.792626728110598,hold_expired,,1.6037048554361,1.6037048554361
2024-11-25,2024-11-25,301525,457,1267,True,True,True,35.8983,35.8983,True,,-0.6065573707252692,-2.927886054967055,4.0,6.50897500320532,0.8492425402165554,2.5039278440500436,0.08253550132391041,0.3502235469448584,0.9309701500218156,0.770522388118255,2.0172201283350075,8.929213096195653,closed,2024-11-29,4.156666666666674,filled,2024-11-26,60.0,2024-11-29,62.62,3.0,4.366666666666674,-3.9999999999999925,5.833333333333335,hold_expired,,1.010570064576,1.010570064576
2024-11-28,2024-11-28,300720,460,634,True,True,True,66.0721,66.0721,True,,6.574585618737805,-0.4751685924585747,6.0,0.5027932989994488,0.7066483707537226,3.7709449833796893,1.8479408667902097,0.3794642857142857,0.9938271592923117,0.907407406128374,1.6494545444979603,13.337250294532833,closed,2024-12-04,1.5775920084121866,filled,2024-11-29,19.02,2024-12-04,19.36,3.0,1.7875920084121866,-3.259726603575197,5.099894847528907,hold_expired,,2.9493314273834,2.9493314273834
2024-11-29,2024-11-29,300278,461,237,True,True,True,56.3366,56.3366,True,,9.50819674302461,0.6828499596403192,7.0,1.9261636941515725,0.8427120539484692,2.246682173797737,0.602409653974112,0.5029761904761905,0.7128712878772743,0.663366336754399,2.017118403777243,13.605442189409844,closed,2024-12-05,3.987901049475261,filled,2024-12-02,6.67,2024-12-05,6.95,3.0,4.197901049475261,-1.1994002998500841,7.946026986506749,hold_expired,,4.0596771467121,4.0596771467121
2024-12-02,2024-12-02,300433,462,363,True,True,True,43.1062,43.1062,True,,3.0374941240626896,0.07275470611407542,3.0,1.9933554939412068,0.831714377187123,1.8412453182079778,2.5992438867580736,0.6604616530156366,0.78832117084389,0.78832117084389,1.3749104044533547,6.421568699030034,closed,2024-12-06,0.8954813450023016,filled,2024-12-03,21.71,2024-12-06,21.95,3.0,1.1054813450023016,-3.454629203132198,2.1188392445877557,hold_expired,,5.9385652027931,5.9385652027931
2024-12-05,2024-12-05,300002,465,1,True,True,False,39.1903,39.1903,True,,-0.9433962197600398,-5.405776353542635,6.0,2.1809370179867282,0.7609718094246768,1.8323650406224574,0.15898251929469254,0.6607142857142857,0.8064516132367003,0.8064516132367003,0.7876587985720643,4.738154592075272,closed,2024-12-11,-0.2886782061369062,filled,2024-12-06,12.71,2024-12-11,12.7,3.0,-0.07867820613690624,-3.147128245475994,6.215578284815093,hold_expired,,15.6021242794299,15.6021242794299
2024-12-05,2024-12-05,300058,465,49,True,True,False,54.1255,54.1255,True,,10.614525153675114,-5.405776353542635,4.0,8.370837091387727,0.7811320561407871,2.4141412904851993,0.6779660823511557,0.6607142857142857,0.8407960193620309,0.8407960193620309,1.7381099460036533,19.03807615875317,closed,2024-12-11,-1.4942465753424625,filled,2024-12-06,11.68,2024-12-11,11.53,3.0,-1.2842465753424626,-4.70890410958903,6.849315068493156,hold_expired,,19.3062580488372,19.3062580488372
2024-12-05,2024-12-05,300559,465,480,True,True,True,72.6327,72.6327,True,,12.499999996409606,-5.405776353542635,6.0,1.1049723765172548,0.6392674408802015,2.544695045753215,2.817974106252441,0.6607142857142857,0.7872340430472976,0.7801418441970128,1.6843003408823871,9.666937449285129,closed,2024-12-11,-1.0936524300441683,filled,2024-12-06,13.58,2024-12-11,13.46,3.0,-0.8836524300441684,-4.123711340206193,3.8291605301914444,hold_expired,,5.8025177814856,5.8025177814856
2024-12-05,2024-12-05,300684,465,601,True,True,False,32.76,32.76,True,,0.36036035159343616,-5.405776353542635,12.0,3.434065937904196,0.8720612962392673,1.755550048707125,0.36036035159343616,0.6607142857142857,0.7287234039617874,0.7234042555608783,1.2196478213126094,6.653901391454409,closed,2024-12-11,1.1702315227070317,filled,2024-12-06,22.46,2024-12-11,22.77,3.0,1.3802315227070316,-4.674977738201247,1.6918967052537814,hold_expired,,3.2772533295339,3.2772533295339
2024-12-05,2024-12-05,300781,465,689,True,True,False,51.6993,51.6993,True,,10.087852166416234,-5.405776353542635,6.0,5.502958577428418,0.9538473924914153,2.109141663780709,1.3950892853554553,0.6607142857142857,0.8923884514051602,0.8766404205697458,1.4367676762636217,15.018199083028772,closed,2024-12-11,0.2826108374384342,filled,2024-12-06,75.11,2024-12-11,75.48,3.0,0.49261083743843415,-6.137664758354411,7.815204366928508,hold_expired,,1.3451448903487,1.3451448903487
2024-12-05,2024-12-05,300792,465,700,True,True,False,66.6509,66.6509,True,,15.011547343074728,-5.405776353542635,4.0,6.8343815534055,0.6728537114418034,3.003330237919882,0.9732360011070806,0.6607142857142857,0.6032482591016284,0.5522041758189622,2.909353905687481,13.181818175797556,closed,2024-12-11,7.732386831275727,filled,2024-12-06,24.3,2024-12-11,26.23,3.0,7.942386831275727,-2.427983539094647,16.584362139917697,hold_expired,,2.7796996495767,2.7796996495767
2024-12-05,2024-12-05,301233,465,1100,True,True,True,70.6193,70.6193,True,,13.345195739911976,-5.405776353542635,12.0,0.2961709301054216,0.84092883632558,3.202601995705444,3.6404311644019582,0.6607142857142857,0.730050934228257,0.6672325977742143,2.780175321410714,9.82758622349178,closed,2024-12-11,-0.7045598417408492,filled,2024-12-06,50.55,2024-12-11,50.3,3.0,-0.4945598417408492,-2.5123639960435096,7.794263105835819,hold_expired,,1.0299797242036,1.0299797242036
2024-12-05,2024-12-05,301357,465,1193,True,True,False,41.6373,41.6373,True,,3.4210526305532563,-5.405776353542635,11.0,1.7894190780011754,0.8996244747840583,1.666722910268957,0.25510205045482515,0.6607142857142857,0.8067226902709377,0.6764705870150856,1.026178011681211,4.2716900996328855,closed,2024-12-11,0.14532994923859197,filled,2024-12-06,39.4,2024-12-11,39.54,3.0,0.35532994923859196,-4.060913705583758,3.5279187817258917,hold_expired,,1.4178747464984,1.4178747464984
2024-12-05,2024-12-05,301526,465,1268,True,True,False,44.273,44.273,True,,1.9184652148828363,-5.405776353542635,12.0,2.142857137296228,0.77226379304971,2.506515664894898,0.23584904039968269,0.6607142857142857,0.7142857132746409,0.7142857132746409,0.894977170743021,4.679802951998235,closed,2024-12-11,6.678361045130642,filled,2024-12-06,4.21,2024-12-11,4.5,3.0,6.888361045130642,-1.425178147268391,9.976247030878849,hold_expired,,1.0092307692308,1.0092307692308
2024-12-05,2024-12-05,301577,465,1288,True,True,False,36.8532,36.8532,True,,-3.4997046715321667,-5.405776353542635,10.0,4.329411754511359,0.8610118883434392,2.7144834404349973,1.4909147387072164,0.6607142857142857,0.7802607081944248,0.7802607081944248,1.4738286613162366,8.916666674030349,closed,2024-12-11,3.7016719242902276,filled,2024-12-06,63.4,2024-12-11,65.88,3.0,3.9116719242902276,-1.4037854889589751,9.889589905362794,hold_expired,,1.0166251039069,1.0166251039069
2024-12-09,2024-12-09,300403,467,336,True,True,True,74.7458,74.7458,True,,22.399150738771812,-3.983412774855133,6.0,3.219871207188485,0.8594565230467126,1.5369687108632615,2.307009758635048,0.7261904761904762,0.8837209304405619,0.8604651167842217,1.9377682383721448,11.941747572318363,closed,2024-12-13,11.956666666666681,filled,2024-12-10,12.0,2024-12-13,13.46,3.0,12.166666666666682,-3.166666666666673,23.0,hold_expired,,6.0669290814612,6.0669290814612
2024-12-10,2024-12-10,300287,468,244,True,True,True,76.9737,76.9737,True,,25.106382988005738,-2.205376109070001,6.0,3.4862385252067307,0.8655379472264597,2.7297380308285617,5.000000003603899,0.8065476190476191,0.726027397654139,0.5479452057975743,2.3990610319483765,13.95348836772703,closed,2024-12-12,-7.790645161290322,filled,2024-12-11,6.2,2024-12-12,5.73,1.0,-7.580645161290322,-7.903225806451619,4.8387096774193505,stop_loss,,12.3874219199087,12.3874219199087
2024-12-10,2024-12-10,300592,468,512,True,True,False,53.0304,53.0304,True,,10.702113141787684,-2.205376109070001,3.0,4.96585969842418,0.682218406527289,1.8066105854195489,0.18507092178918771,0.8065476190476191,0.5254237288135603,0.46610169785494826,0.924454389786496,7.124010528008395,closed,2024-12-16,0.16688442211056828,filled,2024-12-11,15.92,2024-12-16,15.98,3.0,0.3768844221105683,-4.02010050251257,10.301507537688437,hold_expired,,1.4414045049638,1.4414045049638
2024-12-10,2024-12-10,300894,468,798,True,True,True,75.4347,75.4347,True,,23.168023720968243,-2.205376109070001,7.0,3.4119106739562644,0.7712637216290561,3.208239834844269,1.7737003325912548,0.8065476190476191,0.4345238111132012,0.16071428503311833,2.1879069794614425,8.262849713189823,closed,2024-12-16,-5.1490243902438735,filled,2024-12-11,16.4,2024-12-16,15.59,3.0,-4.9390243902438735,-5.609756097560958,5.792682926829307,hold_expired,,1.0923117078464,1.0923117078464
2024-12-10,2024-12-10,300973,468,872,True,True,False,73.6883,73.6883,True,,18.81409999656323,-2.205376109070001,7.0,1.5840041609658573,0.7284171689660714,6.907768666378939,0.8009708604381993,0.8065476190476191,0.26443202960482154,0.027932960583306073,3.161377901839813,10.835334918188288,closed,2024-12-16,3.4044578313253018,filled,2024-12-11,41.5,2024-12-16,43.0,3.0,3.6144578313253017,-2.602409638554215,16.84337349397591,hold_expired,,1.0384960778178,1.0384960778178
2024-12-10,2024-12-10,301029,468,926,True,True,False,65.9471,65.9471,True,,19.09825605682971,-2.205376109070001,6.0,1.1751744536032338,0.9246733050791875,2.107649665805315,0.07147960947537779,0.8065476190476191,0.335766423537977,0.007299270613934429,1.2247765019832688,6.951871636047557,closed,2024-12-16,-2.6490243902438824,filled,2024-12-11,27.88,2024-12-16,27.2,3.0,-2.4390243902438824,-3.3357245337159114,6.169296987087525,hold_expired,,1.477404889039,1.477404889039
2024-12-10,2024-12-10,301306,468,1155,True,True,False,59.24,59.24,True,,10.154211136689572,-2.205376109070001,9.0,1.148897060611953,0.8903786218603273,2.9337153334861332,2.0439560427096826,0.8065476190476191,0.6348837204668588,0.462790696284296,2.021490936352744,9.867486981357088,closed,2024-12-16,-6.210000000000005,filled,2024-12-11,46.0,2024-12-16,43.239999999999995,3.0,-6.000000000000005,-6.0217391304347885,0.934782608695639,stop_loss,,1.0037593984962,1.0037593984962
2024-12-10,2024-12-10,301510,468,1257,True,True,False,74.2526,74.2526,True,,20.64291247087786,-2.205376109070001,6.0,2.5675675672028664,0.863918673372105,2.617644666747997,4.2503346841004985,0.8065476190476191,0.5466666680513269,0.4053333330350985,2.7089783308644777,9.954112277115623,closed,2024-12-16,-5.306774193548381,filled,2024-12-11,31.0,2024-12-16,29.42,3.0,-5.096774193548381,-5.612903225806454,5.161290322580636,hold_expired,,1.0014488554042,1.0014488554042
2024-12-11,2024-12-11,300913,469,817,True,True,True,80.0182,80.0182,True,,16.954377306220625,-2.9691623954910096,7.0,1.230949592640307,0.709734162890284,5.150620100478121,3.3224400848086644,0.8622486969471332,0.7123966938099946,0.7008264461093008,4.228657018517177,13.797240543561106,closed,2024-12-17,12.989577613516355,filled,2024-12-12,37.88,2024-12-17,42.88,3.0,13.199577613516356,-2.9039070749735996,17.370644139387537,hold_expired,,2.132303042515,2.132303042515
2024-12-13,2024-12-13,300582,471,502,True,True,True,56.6077,56.6077,True,,6.770098757682352,-0.8982493837606076,6.0,3.605442168704509,0.7587072606018155,2.6234545823626645,1.0680908014164547,0.742367833209233,0.9059829087743825,0.7863247883321398,1.2707525203539585,7.072135799824264,closed,2024-12-17,-6.210000000000016,filled,2024-12-16,15.2,2024-12-17,14.287999999999997,1.0,-6.000000000000016,-8.552631578947356,9.736842105263177,stop_loss,,2.3290793451844,2.3290793451844
2024-12-13,2024-12-13,301110,471,998,True,True,True,35.8775,35.8775,True,,-3.2195121957309114,-0.8982493837606076,3.0,3.824913074408809,0.8620069920931754,2.5661540569236565,0.8950366087919104,0.742367833209233,0.7322175725127903,0.6673640170015191,1.276855561500426,8.108108100490252,closed,2024-12-17,-6.210000000000005,filled,2024-12-16,50.1,2024-12-17,47.094,1.0,-6.000000000000005,-10.219560878243527,7.784431137724557,stop_loss,,1.4692494422208,1.4692494422208
2024-12-16,2024-12-16,300488,472,414,True,True,True,78.4179,78.4179,True,,15.292712079145243,-0.9755767861378328,7.0,2.74874177947545,0.6164564447054228,7.048645685835655,6.826568270892652,0.6304832713754647,0.7724665392192697,0.7265774376890688,4.817726063512694,15.80000000767412,closed,2024-12-18,-6.210000000000016,filled,2024-12-17,27.94,2024-12-18,26.263599999999997,1.0,-6.000000000000016,-8.017179670722985,0.9305654974946176,stop_loss,,2.78337757087,2.78337757087
2024-12-16,2024-12-16,300563,472,484,True,True,True,27.7622,27.7622,True,,-1.8119068343454559,-0.9755767861378328,10.0,4.502541670522353,0.9086474964824318,1.8590846465463469,0.35273372767183897,0.6304832713754647,0.6240000001282444,0.30400000109007713,1.7099863118984218,8.463591309446873,closed,2024-12-18,-6.210000000000005,filled,2024-12-17,56.78,2024-12-18,53.3732,1.0,-6.000000000000005,-8.101444170482564,4.226840436773505,stop_loss,,1.9961882652365,1.9961882652365
2024-12-18,2024-12-18,301600,474,1298,True,True,True,78.2203,78.2203,True,,59.4851706771125,-1.1009909495598547,7.0,5.0468467049838655,0.7186801656614019,1.6499775177948774,7.750472589792068,0.2810408921933085,0.9550561797752813,0.8764044943820231,2.3868207649575366,19.73783715654147,closed,2024-12-24,21.387654294500443,filled,2024-12-19,139.83,2024-12-24,170.03,3.0,21.597654294500444,-1.301580490595744,37.30959021669169,hold_expired,,1.0,1.0
2024-12-19,2024-12-19,301018,475,915,True,True,True,78.2468,78.2468,True,,19.48464525569453,-1.0987898121423867,6.0,3.8610038584638073,0.7256496648140423,2.1009063938140957,0.7440476174090049,0.324907063197026,0.8166969147935484,0.7894736836525067,2.540006585017575,15.529010230401784,closed,2024-12-24,-6.209999999999995,filled,2024-12-20,33.16,2024-12-24,31.170399999999997,2.0,-5.999999999999995,-7.328106151990332,9.318455971049477,stop_loss,,1.0270608422498,1.0270608422498
2024-12-20,2024-12-20,300441,476,371,True,True,True,55.6759,55.6759,True,,8.129175946132584,1.6050137374896467,4.0,3.707627119348722,0.8527423843097657,2.2218398825709267,0.6217616540150184,0.44981412639405205,0.9726027405378019,0.8630136988658136,2.2511013204769283,7.769145395897525,closed,2024-12-26,-1.7595867768595128,filled,2024-12-23,9.68,2024-12-26,9.53,3.0,-1.5495867768595128,-4.648760330578517,8.4710743801653,hold_expired,,7.16606271252,7.16606271252
2024-12-26,2024-12-26,300570,480,491,True,True,True,76.6703,76.6703,True,,12.565597673119377,2.967785317740179,5.0,2.6730241671334865,0.631296483155215,2.9282211597401004,0.8884243560352445,0.2288261515601783,0.9923224598149951,0.9107485675963777,2.257156106782086,17.480602522596065,unresolved,,,unresolved_exit_not_zero,2024-12-27,,,,,,,,,,,
2024-12-30,2024-12-30,300436,482,366,True,True,True,46.378,46.378,True,,4.8275862191630825,1.3026290191182843,4.0,2.3641387838535977,0.8508783925384833,1.5760712881666885,0.2698650812222869,0.21263940520446098,0.8957528961500659,0.7335907346057237,1.2110888443792667,5.157232715429005,unresolved,,,unresolved_exit_not_zero,2024-12-31,,,,,,,,,,,
2024-12-30,2024-12-30,301600,482,1298,True,True,True,72.7791,72.7791,True,,58.36909871244635,1.3026290191182843,3.0,7.516483516483518,0.7853117222703998,1.606370402461176,3.7812500000000027,0.21263940520446098,0.9790681971640782,0.9733288318703571,1.7345547329234114,19.317365269461064,unresolved,,,unresolved_exit_not_zero,2024-12-31,,,,,,,,,,,
